#include <xs1.h>

.text
.globl _start
.globl _start.nstackwords
#if defined(__XS2A__)
  .align 4
  .issue_mode single
  _start:
    ENTSP_lu6 0
#else
  .align 2
  _start:
#endif
.set _start.nstackwords, XS1_DBG_BUFFER_WORDS + 1 + (memset.nstackwords)

.set _DoSyscall, 0x103f2

.set _DoException, 0x1009e

.set record_decompression_time, 0

//Relocate to the end of memory
.set decompressor_bytes, _edp.bss - _start
.set decompressor_words, (decompressor_bytes + 3) / 4
.set decompressor_src, _start
.set decompressor_dest, .ram_base + .ram_size - (_start.nstackwords * 4 + decompressor_words * 4 + (0x10000 - .ram_base))
.set decompressor_offset, decompressor_dest - decompressor_src
.set done_offset, done + decompressor_offset

  ldc r0, record_decompression_time
  bf r0, skipped_time
  getr r0, 1
  in r1, res[r0]
  ldc r2, 0x1ff
  shl r2, r2, 8
    ldc r3, 0xd0
  or  r2, r2, r3
  stw r1, r2[0]
  freer res[r0]

skipped_time:
  ldap r11, decompressor_src
  mov r0, r11
  ldap r11, decompressor_dest
  ldc r1, decompressor_words
relocation_loop:
  sub r1, r1, 1
  ldw r2, r0[r1]
  stw r2, r11[r1]
  bt r1, relocation_loop
.set relocation_jump_dest, decompressor + decompressor_offset
  bl relocation_jump_dest

//The compressed binary
compressedBinary:
    .byte    75, 104, 209, 254, 236,  23,   4, 240
    .byte   139, 104, 194, 254, 236,  31, 195, 134
    .byte    57, 216,   1, 115,  77,   7, 212,   6
    .byte    67, 116, 240,  31,  53, 208,   0, 240
    .byte   143, 111, 240,  23, 224,  23,   0, 240
    .byte    25,  96,  64, 104,   0, 240, 144, 108
    .byte     0, 240, 134, 209,   0, 240,  12, 108
    .byte   246,  23, 145, 246,   7, 127, 246,   7
    .byte   156, 246,   2,  44, 222,   7, 198, 106
    .byte   200, 234, 207, 234,   0, 104,   1,  84
    .byte     0, 240,  64, 104,  72, 120,   1, 100
    .byte     0, 240,  81, 209, 176, 248, 236, 151
    .byte   194, 122,   1, 144, 240,  79,  65, 246
    .byte     8, 243, 208,   2, 112,   0, 240,  76
    .byte   222,  10,  85, 209,   0, 144, 246,   1
    .byte   240,  13, 115,   1, 208, 238,   7,   5
    .byte   220, 255,   7,   3, 240, 130, 218, 251
    .byte    55,   0, 240,  75, 111, 192, 106, 251
    .byte    47, 192, 119, 192, 119, 237,   7, 236
    .byte     7,  65, 119,   0, 240, 187, 222,   9
    .byte    19, 109,   6, 121,   0, 240,  77, 109
    .byte     1, 153,   4,  75, 224,  39,   4, 117
    .byte   193, 119,  65, 119, 132, 119,   1,  85
    .byte    66,  85, 131,  85,   0, 240, 146, 109
    .byte   136, 121,   0, 105,   0, 240,  78, 109
    .byte   246,  31,   1, 145, 178, 203, 197, 118
    .byte     0, 240,  86, 209,   1,  93,  66,  93
    .byte   131,  93, 132, 103, 193, 119,   0,   0
    .byte     0, 240,  26, 108,   8, 232,   0, 240
    .byte    70, 104, 212, 254, 236,  15, 192, 222
    .byte    29,  26, 108,   0, 232, 246,  20,  24
    .byte   246, 204,  24, 246,  76,  23, 246, 204
    .byte    23, 246,  76,  25, 246, 204,  25, 246
    .byte    76,  20, 246, 204,  20, 246,  76,  22
    .byte   246, 204,  22, 246,  76,  21, 246, 204
    .byte    21, 246,  44, 135, 119,   6,  85,  69
    .byte    85, 132,  85, 195,  85,   2,  86,  65
    .byte    86, 128,  86, 238,  23,   0, 240, 200
    .byte    96, 191,  76, 193, 232,  79, 183,   0
    .byte   240,  30, 109, 148,  18, 201, 232,  29
    .byte   167, 128, 106,   0, 240,  31, 110,  44
    .byte   145,  92, 145,   2, 115, 104, 198, 108
    .byte   145, 209,  78, 209, 206,  72, 175,  72
    .byte   175, 246,  20,  62,  18,  95,  23,  15
    .byte   183, 139, 121,  57, 177, 204, 125,   1
    .byte   240, 164, 105,  58, 196, 100, 144, 193
    .byte   113, 128, 105, 234,  21, 228, 145, 213
    .byte   117, 162, 197, 130, 113,  52, 145,  27
    .byte   119, 249,  25,  29, 119,  78, 119,  13
    .byte    85,  76,  85, 139,  85, 202,  85,   9
    .byte    86,  72,  86, 135,  86,  72, 144,   1
    .byte    84,  66,  84, 222, 106,   8,  96,   3
    .byte    77,  64, 105,   0, 240,  96, 110,   0
    .byte   240, 132,  97, 193, 101, 134, 222,  41
    .byte    64, 127, 140, 145, 212, 144, 228, 144
    .byte     0, 240, 175, 208,  67,  85,  68,  86
    .byte    69,  85,  70,  86,   1, 234,  32, 183
    .byte   246,  17, 204, 144, 216, 246,  12, 179
    .byte   208, 232, 174,  21, 119,   0,   0,  67
    .byte   119, 194, 134, 198, 134, 212,  22, 209
    .byte    22, 222,  89, 209, 166,   0, 240,  89
    .byte   108, 193, 174, 222,  18,  96, 239,  16
    .byte   252, 160, 208,  65, 119,   0,   8,  69
    .byte   104,   0, 240, 156, 108,   0, 240, 121
    .byte   212,   0,   0, 239,  16, 228,  26, 246
    .byte     6,  88, 246,   2, 151, 246,   2,  77
    .byte   246,  10,  16,   8,  34,   8,   3,   8
    .byte   239, 144, 112, 174,  17,  93, 167,  77
    .byte   175, 219,  22, 201, 232, 203, 182, 128
    .byte   104, 201, 174, 193, 232, 199, 182,   4
    .byte    16, 211, 246,   8, 195, 182, 192, 119
    .byte   129, 119,   0,  85,  17,   8,  96,  10
    .byte    65,  10, 239, 144,  11,  17, 167,   1
    .byte   175, 174,  17, 239, 240,  11, 222,  75
    .byte     0,  93, 129, 103, 192, 119,  36, 144
    .byte    16, 144,  13, 222,  55, 114, 216, 251
    .byte    39, 222,  53, 104,  16, 144,   0, 240
    .byte   111, 208,   0, 240, 113, 246,   2,  51
    .byte   213, 246,  20,  66, 119,   1,  85,  64
    .byte   144, 239,  17, 107,  99, 246,  10, 101
    .byte   246,   2,  63, 213, 192, 222,   4, 105
    .byte   208, 187, 168, 219, 122,  52,  71,   0
    .byte   240, 219, 110, 151, 252, 236,  63,  51
    .byte   144, 195, 106,  47,  47, 188,  24, 197
    .byte   122, 171,  28,  61, 154, 147, 252, 236
    .byte   143, 196, 118, 186, 168,  61, 154, 159
    .byte   252, 236,   7, 196, 118,  62,  16, 218
    .byte    70, 133, 120,  14,  24,  41, 152,  18
    .byte   248, 236, 143, 132, 116, 192, 119, 201
    .byte   134,   0, 240,  72,  96, 238,  23, 167
    .byte   222,   1, 239,  16, 241, 136, 246,   6
    .byte   171,  76, 226,  23, 192, 119, 133, 119
    .byte   193,  87, 176, 144,  67,  84, 132,  84
    .byte   197,  84, 131, 100, 130,  84,   0, 240
    .byte    17,  88, 156, 145,   0, 240,  53, 209
    .byte   193,  95, 133, 103, 192, 119,  67, 239
    .byte    33, 110, 237,   7,   7, 135,   1, 240
    .byte   230, 218,  68,   8, 128, 100, 157,   7
    .byte    79,   7,   3, 184, 211, 184,  69,   8
    .byte     1, 145,   2, 161, 104,  26, 203,  22
    .byte   148, 148,  68,   8,  12, 117, 245,  31
    .byte   181,   8, 235,  39, 245,  23, 229,  23
    .byte   239,  17, 119, 195, 119, 208, 166, 239
    .byte    17, 158, 239,  16, 169,   4, 212, 239
    .byte    17, 147,   0, 240, 170, 208, 193, 119
    .byte     7, 104,   0, 240,  14, 212, 239,  17
    .byte   169,  16, 144,   0, 246,   6,  20, 246
    .byte    38, 129, 135,   0, 240,  25,  80, 222
    .byte   126,  89,  88, 197, 182,  16,   8,  37
    .byte   144,  32,   0,   0, 240, 153,  88, 202
    .byte   174,  33,   8,  41,  48, 131, 124, 192
    .byte   119,  17,   8,  21, 144,  17,   0, 192
    .byte   119, 212, 166,  16,   0,  64, 104, 246
    .byte    21, 238,  23,  16,   8, 151,  52,  83
    .byte   112, 222, 203,  32,   8, 212, 166,   7
    .byte   115, 222, 203, 246,  35, 246,   9,  41
    .byte    48, 137, 124, 176, 222,  21, 222,   1
    .byte   174, 239,  80,  17, 246,   4, 152,  17
    .byte     0,  72, 239,  64,  12, 222,  88, 222
    .byte    46,  88, 192, 174, 239,  48,  70,  19
    .byte    96,   0, 240,  45, 212, 193, 119, 239
    .byte    16, 181,   0, 240,  21, 246,   7,  52
    .byte   212,   0, 240,  26,  88,  30, 112, 128
    .byte   104,   0, 240, 155,  80, 210, 166,   0
    .byte   240,  28,  80,   0, 240,  30, 246,  13
    .byte    29, 246,   4,  16,  88,  68, 246,  12
    .byte    27, 208, 239,  16, 140,  73, 104,  17
    .byte   167, 224, 144,   0, 240,  20, 246,   7
    .byte    18,  88,  82, 104, 130, 239,  16, 102
    .byte   246,   6,  26,  81, 222, 214,  62, 212
    .byte     1,  93, 194, 239,  96,  36,  69, 239
    .byte    32, 123, 192, 104,  48,   0,  49,   0
    .byte    50,   0, 179, 248, 236, 159, 159, 249
    .byte   236, 135,  78, 104,  17,  16,  39, 248
    .byte   236, 135, 112,   2, 113,   2, 114,   2
    .byte    67,   2,   2, 240, 248, 217,  48,   5
    .byte     2, 240,  22, 218,  49, 246,   3,  64
    .byte   218,  50, 246,   3,  97, 218,  51,   5
    .byte     1, 240,  84, 104,   1,  16,   0, 240
    .byte   136, 222, 148,   2, 240,   8, 217, 140
    .byte   145,   2, 240, 182, 208, 193, 119,  56
    .byte   144, 239,  17,  36,   6, 104,   2, 240
    .byte    85, 218, 251,  39,   0,   0,  49,  64
    .byte   222,   0,  70, 204, 112,  94, 167, 187
    .byte    60,   0, 240, 207, 120,  41, 152,  54
    .byte   136,  50, 248, 236, 143, 187,  60, 198
    .byte   116,   0, 240,   7, 115, 133, 246, 105
    .byte   133, 116, 192, 119, 155, 120,  22,  16
    .byte   178,  16,  42, 168, 218,  70,  22, 248
    .byte   236,  39,  62, 250, 236,  39, 226,  47
    .byte     3, 115,  12, 115,   9, 115,   6, 115
    .byte    84, 250, 236, 167, 124, 252, 236, 167
    .byte    55,   8, 191,   1,  54,   8, 190,   1
    .byte    53,   8, 189,   1,  52,   8, 188,   1
    .byte   179,  52, 206, 124, 192, 119, 222,  37
    .byte   200,   0, 240, 247, 124,  50,  16,  51
    .byte   246,   4, 251, 124, 135, 120, 192, 104
    .byte   183, 136, 179, 222,  29,  61, 144, 190
    .byte    48, 198, 126, 192, 119,  66, 119, 192
    .byte   106, 193,  86,   2, 240,  25, 210, 194
    .byte   119,  68, 119, 194, 102, 246,  22,  19
    .byte   210,   2,  92,  67,  92, 196, 119, 120
    .byte   119,  55,  85, 118,  85, 181,  85, 244
    .byte    85,  51,  86, 114,  86, 177,  86,  88
    .byte   144, 100, 144, 160, 144, 145,  86, 239
    .byte    16, 174, 239,  18, 212, 200, 212, 203
    .byte   249, 236, 159,   0, 106,  64, 133,   8
    .byte   240,  64, 104,  17,  56,  66, 120,  49
    .byte    71,   7, 115,   1, 240,  20, 104, 136
    .byte    17,   0, 240,   5, 213,   0, 104, 192
    .byte   128,  72, 104,   1,  56,   2, 120, 200
    .byte    11,  18, 112, 136, 145,   1, 240, 154
    .byte   209,  14, 120,  16, 167,  13, 104, 136
    .byte   137,  66, 246,  12,  21, 240,  39, 112
    .byte   239,  80,   8,   1, 213,  21, 240,  32
    .byte   115,  73,  85,  16,  85, 221, 101, 237
    .byte    85, 176, 145, 239,   0,  84, 238,  84
    .byte    39, 104,  83, 100,   4,  16,   7,  84
    .byte   241, 166, 165, 104,  76, 144, 200,  84
    .byte     4, 115,  80,  86,   0, 104,  46,  84
    .byte   165, 104,  28, 145,   2, 115, 124, 146
    .byte   201,  84, 192, 105,   1, 115,  61, 145
    .byte    11, 139,   2, 120,  18,  48,  69, 124
    .byte   211, 121,  36,   1,  53,   1,  47,  92
    .byte    67,  18,  47,  84,  46,  92,  17, 144
    .byte   110,  84, 215, 166,   1, 192,  10, 222
    .byte    46, 109, 100,   1, 240,  64, 209,  93
    .byte   101,   5, 120,  20, 240,  56, 115,  14
    .byte    85,   4, 115, 148, 149,  76,  19,  14
    .byte    85,  11, 139,  20, 240,   5, 120,  48
    .byte   100,  64, 104,  17, 248, 236, 143,  11
    .byte    19,  97, 144,  77,  84, 116, 144,  79
    .byte    84,  88, 167,   4, 115,   9,  92,  64
    .byte   146,   9,  84, 104, 144, 233, 144,   0
    .byte   104, 216, 136,   1, 115, 241, 166, 104
    .byte   144,   2, 115, 104, 144, 207,  84,   0
    .byte   240, 105, 127, 161, 193,   5, 240, 187
    .byte   120, 164, 252, 236, 167,   1, 240,  26
    .byte   104,  50, 200,   5, 240, 246,   0, 112
    .byte    73, 160, 192, 104,   1, 240, 184, 104
    .byte   228,  47,   3, 240,  47, 115,   5, 240
    .byte    45, 246,   2,  43, 115,   3, 240,  48
    .byte   246,   4,  39, 246,   2,  37, 246,   2
    .byte    35, 115,   0, 240,  42, 119,   5, 240
    .byte    31, 246,   6,  29, 246,  14,  38, 246
    .byte     2,  53, 246,   6,  23, 246,   4,  45
    .byte   115,   2, 240,  40, 246,   6,  17, 246
    .byte     6,  51, 246,   6,  18, 246,   2,  16
    .byte   246,   2,  14, 246,   2,  12, 246,   2
    .byte    10, 246,   2,   8, 246,   2,   6, 246
    .byte     2,   4, 246,   2,   2, 115,   4, 240
    .byte    59, 246,   2,  57, 246,   2,  55, 246
    .byte     2,  53, 246,   2,  51, 246,   2,  49
    .byte   246,   2,  47, 246,   2,  45, 246,   2
    .byte    43, 115,  10, 240,  60, 115,  11, 222
    .byte    45,   4, 222,  49,   4, 246,  36,  33
    .byte   246,   2,  31, 246,   2,  29, 246,   2
    .byte    27, 246,   2,  25, 246,   2,  23, 246
    .byte     2,  21, 246,   2,  19, 222,   7, 222
    .byte    69,  15, 246,   2,  13, 246,   2,  11
    .byte   222,  17,  42, 246,   4,   7, 246,  12
    .byte    38, 246,   4,   3, 246,   2,   1, 246
    .byte     6,  49, 115,   3, 240,  61, 246,   2
    .byte    59, 246,   2,  57, 246,   2,  55, 239
    .byte    32,  85, 239,  16,  77,   3, 246,  46
    .byte    47, 239,  32,  89,   3, 222,  49,   9
    .byte   222,  49,  10, 222,  27,   3, 246,  34
    .byte    35, 246,   2,  33, 239,  32,  85,  10
    .byte   222,  47,   2, 239,  32, 109,  25, 239
    .byte    32,  97,   3, 222,  49,   2, 240,  28
    .byte   246,  12,  39, 222,  33,  17, 246,   6
    .byte     9, 246,  10,  11, 222,  17,  42, 246
    .byte     4,   4, 119,  10, 240,  40, 246,   4
    .byte     3, 246,   2,   1, 222,   3,  53, 222
    .byte     1, 222, 113,  16, 119, 202, 106, 175
    .byte   252, 236,  63,  22,  16,   0, 240,  33
    .byte   109, 116,  18, 239,  48, 200, 132,  18
    .byte   243, 205, 104, 144, 206, 118, 222,  31
    .byte   119, 233, 144, 192, 104, 219, 136, 234
    .byte   106,  55,  53, 220, 114, 204, 144,   0
    .byte   240, 225, 110, 247,  20,  10, 105, 140
    .byte   203, 172, 144,  11, 122, 136, 144, 216
    .byte   251, 236,  63, 231,  18, 234, 144, 147
    .byte   137, 247,  20, 156, 203, 224, 145,  74
    .byte   118,   1, 115, 172, 144, 184, 249, 236
    .byte   151, 112, 144,   3, 240, 251, 124,  88
    .byte   167,   3, 240,  62, 119,   9,  92, 160
    .byte     8, 152, 246,  10,   4, 240,  76, 246
    .byte     9,   4, 240,  15, 119,  77,  92,  52
    .byte    71,   4, 240,  79, 116,  64, 104, 160
    .byte   104,  23, 115, 213, 166,  61,  65,   4
    .byte   240,  22, 222,   5,  80, 146,   0,   8
    .byte    15,  84,  32, 248, 236, 151,  73,  84
    .byte     4, 240, 159, 124,  15,  92, 192, 150
    .byte    15,  84, 246,   6, 104,  60, 222,   2
    .byte    39, 119,  64, 104, 171, 104, 141,  84
    .byte    48, 100,  33, 248, 236, 143,   4, 240
    .byte    47, 119,   2, 240,   0, 246,  45,  52
    .byte   246,  13, 217, 136,   1, 240, 168, 104
    .byte    22,  48,  81, 120,  41, 145, 239,  17
    .byte   154,  61,  65,   5, 240,   0, 246,  76
    .byte   172, 246,  12,  74, 246,  12,  96, 246
    .byte    43,  11, 119,   1, 239,  64,   1,  16
    .byte   119,  16, 222,  17,   5, 240,  20, 119
    .byte    32, 104, 204,  56,  11, 120,  14,  93
    .byte   192, 222,  47, 201,  92,  28,   8,   5
    .byte     0,  68,   0, 145,  94, 165, 104,   6
    .byte   222,  61,  16, 246,  14,  14,  93, 246
    .byte     6, 120, 201,  92,  12,   8,  64, 246
    .byte    12,   6, 240,  33, 222,  19,   0, 246
    .byte    12, 145,  94,   7, 246,  59, 104,  65
    .byte   248, 236, 135,   6, 240,  45, 119,   8
    .byte   246,  44, 246, 139, 143,   6, 240,  56
    .byte   119, 222, 206,   6, 240,  61, 119,  13
    .byte   240, 107, 120,  19, 100, 128, 104, 239
    .byte    19,  84,  48, 101, 226, 246,   3,  10
    .byte    84,  56, 144,  81, 167, 203,  84, 147
    .byte   193,  12, 144,  65, 112, 128, 145,  64
    .byte   104, 209, 136,  20, 176, 246,   1,  16
    .byte     2, 104, 108,  57, 205,  85, 137, 169
    .byte   208, 104,   3, 112,  76,  84, 192, 105
    .byte     3, 115, 192, 105,  22, 144,  76,  84
    .byte     2, 240,   4, 104,  77,  92, 148,  56
    .byte     1, 240,  66, 114,  15,  92,  76,  92
    .byte    65,  24, 209, 166, 192, 192,  59, 112
    .byte     0, 240,  67, 127, 116,   1,   4, 147
    .byte    81, 104, 209, 192,  94, 112,  48,   0
    .byte    47,  92,  64, 250, 236, 159, 239, 177
    .byte   217,  17,  92, 109, 100,  92, 144,   0
    .byte   240,  87, 211, 244, 144,  93, 101,   3
    .byte   120,  13, 240,  12, 115, 148, 149,  64
    .byte   251, 236, 167, 239,  80,  16,  92, 194
    .byte    94, 116,  64, 222,  79, 239, 161, 246
    .byte    11, 222, 142,  76, 222,  14,  58, 211
    .byte   240, 222,  14,  48, 101,   4, 120,  12
    .byte   240,  46, 222,  15,  48, 101,   3, 139
    .byte    23, 120,   4,   1, 209, 166, 197, 222
    .byte    12,   1, 144, 239, 240,  41, 222,  76
    .byte    31, 222, 140,   3, 222,  11,  20, 222
    .byte    11, 153, 122,  18, 100, 196,   0,   2
    .byte   104, 222,  74,   2, 239, 160,  10,  11
    .byte   112, 145,  94, 239,  18,  43, 222,  75
    .byte     5, 222, 139,   4, 120,  11, 240,  27
    .byte   222,  11, 145,  94, 239,  16, 233, 132
    .byte    49,   1, 240,   1, 120, 239, 176, 108
    .byte    71, 239,  96, 108, 221, 101, 239, 240
    .byte   109, 239, 114,  85, 239,  16, 109, 219
    .byte   210, 244, 144,  28, 145,   3, 120,  10
    .byte   240,  49, 239,  96, 109, 222, 209, 239
    .byte   240, 109, 239, 112,  14, 222, 120, 190
    .byte   210, 240, 239,  64,  14, 239,  16,  82
    .byte    11,  92, 192,  28, 222, 113,  58, 239
    .byte   240,  49, 239, 240,  49, 239, 128,  49
    .byte   155, 239,  64,  49,   9, 239, 240,  49
    .byte   239, 240,  49, 222,  14,  12, 239,  96
    .byte    49, 126, 222, 177,   5, 222,  14,  20
    .byte   115, 221, 101,   1, 222,  16,  10,  92
    .byte   196,   0,  69,   1,  47,  92, 128,  20
    .byte   239, 144,  10,  13, 239,  96,  10, 101
    .byte   222,  10, 220, 144,  80,  94, 241, 166
    .byte    76,  93,   6, 120,   8, 240,  57, 115
    .byte    84, 149, 246,  55,   4, 104, 141,  92
    .byte     8,  56,  61, 120,  15,  92, 129,  26
    .byte   239,  16,  84,  56, 239,  33,  15, 180
    .byte     0,  68, 146, 145, 104, 226, 192, 160
    .byte   239, 160,  83,  33, 144, 174,  84, 219
    .byte   166,   2, 239,  64,  54,  16, 146, 140
    .byte   222,  30,  56, 210, 176, 145,   4, 146
    .byte   220, 144,   3, 222,  28,  13, 115, 148
    .byte   148, 239,  81,  17, 222,  82, 108, 194
    .byte   160, 239, 240,  85, 192,  80,  94,   6
    .byte   222, 145,   0, 240,  26, 210,   7, 240
    .byte    52, 112,  79,  92, 197, 192,   1, 112
    .byte   212, 144,  14,  93, 132,  18,  47,  92
    .byte    13, 240,  16, 124, 246,  63,  11, 210
    .byte    13, 240,  22, 124,   8, 240,   5, 115
    .byte   147, 100, 138,  84,  73,  92,  68, 146
    .byte    20,   8, 192, 104,  27, 239,  33, 136
    .byte   243, 246,   3,   9,  84,   6, 240,  24
    .byte   119,  64, 104,  48, 100, 239,  19,  44
    .byte     9,  92, 128, 146, 128,   8, 136, 249
    .byte   236, 151,   1, 240,  48, 112,  64, 104
    .byte   128, 145, 148, 144, 168, 145,   0, 240
    .byte    12, 211,   2, 240,  16, 120, 128,  28
    .byte    10,  86, 152, 193,   2, 240,  76, 112
    .byte   160, 144, 239,  18, 122, 239,  17, 232
    .byte   239,  17, 230,   8, 120, 205,  85,   9
    .byte    92, 144, 148, 113,   8, 128,   8,  48
    .byte   101,   3, 240,  63, 246,  13, 204,  56
    .byte     1, 240,  62, 246,  44,  80, 222,  26
    .byte   246,  27,  50, 239,  96,   9,   1, 240
    .byte    13, 239, 128,  10,   0, 104,  12, 246
    .byte   141,  10, 246, 141, 209, 166,  73,  84
    .byte    48, 101, 200,  94,   3, 240,  15, 115
    .byte     0, 240, 100, 127,   1, 240, 152, 104
    .byte   222, 196,   1, 239, 160,  42,   2, 240
    .byte    41, 115, 239,  16,  94, 132,   8, 236
    .byte   144, 192, 105,  66, 104,  52, 144,  43
    .byte    64, 141,  84, 112, 104, 146, 100,  91
    .byte   250, 236, 143, 213, 166,  25,  64, 239
    .byte    19, 118, 103, 246,   6, 239,  19, 136
    .byte     9,  84,  12, 144, 222,  75,  37, 115
    .byte   128, 145,  10,  86, 132, 144,   0, 240
    .byte   170, 210, 176, 145, 128, 144,   9,  85
    .byte    48, 101,   8, 240,  29, 239,  34,  65
    .byte   200,  94,  44, 222,  34,  73,  92, 132
    .byte   222,  32,   1, 240,  28, 239,  32,  89
    .byte   200,  94,  45, 246, 138,  32, 246,  42
    .byte    47, 246, 137,  37, 115,  10,  86,   9
    .byte    85,   8, 146,  48, 101, 180, 145,   9
    .byte   240,   1, 239,  66,  90,  48, 101,  40
    .byte   222,   3, 137,  92,  88, 146,   0, 104
    .byte   136, 128,   1, 240,  47, 115, 246, 156
    .byte     0, 104, 222,  16, 128, 177,  71,  43
    .byte   246, 107,  43, 246, 139,  46, 246, 107
    .byte    46, 246, 139,  49, 115, 239,  50, 123
    .byte   222,  91, 136,   8,   1, 240,   5, 246
    .byte    14, 176,  55,   1, 240,   2, 246,  76
    .byte   222, 121,   1, 120, 176,  71, 222, 126
    .byte    84, 146,  73,  84, 192, 105, 204, 144
    .byte    47, 246, 254, 246,  78, 209, 166,  33
    .byte   246, 254, 246,  14, 192, 105,  13,  92
    .byte   209,  70,  17, 120, 195,  67,  15, 120
    .byte    64, 106, 240, 104,  18, 100, 177, 252
    .byte   236, 143, 221, 166,  51,  64, 173, 246
    .byte     4,   2, 104, 141,  92,  40,  64, 141
    .byte    84,  73,  84,   2, 115, 246,   2, 104
    .byte    64, 104, 209, 248, 236, 143,  17, 115
    .byte   205,  85, 240, 249, 236, 151, 209, 166
    .byte   236, 248, 236, 151, 136, 120, 128, 104
    .byte     8, 253, 206,  14, 187, 250, 207,  14
    .byte   237, 104, 242, 222,   1,  73,  84, 200
    .byte    94, 239,  19,  78,  69, 112,   0, 240
    .byte    93, 108, 141,  92,  41,  56, 141,  84
    .byte   211,  67,  48,  71,  83, 112, 146, 114
    .byte    93, 100, 148, 144,   1, 240,  61, 112
    .byte   222, 108, 246,  54,  55, 120,   0, 104
    .byte   112, 104, 135,  92,  24, 222,  14, 152
    .byte   246,   8,  47, 115,  19, 120,  18, 176
    .byte   112, 120,  29, 100, 208, 171, 240,  70
    .byte    44, 142, 145, 152, 220, 166,  35, 246
    .byte    14,  28, 104, 204,  32, 132,  64, 124
    .byte   171, 211,  67, 132, 145,  78, 116,   1
    .byte   240,  27, 115, 200,  86,   7,  92,  51
    .byte   170,  83,  71, 112, 104, 177,  65, 128
    .byte   104, 239,  21,  78,  29, 105,  76,  35
    .byte    76,  68,  63, 169,   1, 152, 115,  68
    .byte   206, 118, 205,  94,  93,  71, 145, 222
    .byte    26, 196, 122,  61, 248, 236,  15, 239
    .byte    17,  34,   1, 240, 192, 120, 239,  19
    .byte    18, 144, 144,  60, 115,   1, 176,   5
    .byte   120, 205, 113, 200,  86,   9, 104, 128
    .byte   204,  12, 222,  23,   0, 240, 110, 127
    .byte   202,  86, 140, 145,   0, 240, 150, 209
    .byte   128, 144,  48, 246,   9, 204, 176,   0
    .byte   176,  29, 101,  29, 120, 138, 104, 192
    .byte   104, 128, 145, 220, 144, 156, 222,  23
    .byte    89, 213, 112, 104,   1,  64, 212, 166
    .byte   193, 222,  20, 246,  26, 138, 104, 180
    .byte   145,   1, 240, 106, 213, 196, 113,   1
    .byte   240, 163, 104, 168, 204,   2, 115, 236
    .byte   176,  40, 176,   1, 153, 128, 144, 116
    .byte   144, 157, 116, 239,  16,  94, 129, 249
    .byte   212,   6,  81, 153, 222, 202, 222, 115
    .byte    74,  86, 200,  86,  29, 100,   1,  29
    .byte   184, 145, 205,  93,  13, 240,  33, 119
    .byte    47,  92, 145,  94,   5, 120, 109, 100
    .byte   136, 222,  46,  40, 239,  24,  70, 104
    .byte    46,  84,  80,  94,   0, 105, 196, 131
    .byte   239, 117,  98,   6, 239,  69,  98,   1
    .byte   240,  91, 214, 196, 131,  14,  93, 239
    .byte    19, 182,   1,  56,  66, 170,   1, 120
    .byte    16, 167, 192, 144, 177,  94, 114,  94
    .byte    51,  94, 244,  93, 181,  93, 118,  93
    .byte    55,  93, 248, 119, 145,  94,  33, 119
    .byte    14,  85,  35, 246,   2,  36, 119,  67
    .byte   119,   2,  85,  65,  85,  68, 144,  16
    .byte   144, 226,   8,  64, 105, 196, 144, 134
    .byte   120,   4, 144, 208, 144,   0, 240,  44
    .byte   209,  64, 104, 210,   0,  17,   1,  65
    .byte    93,   2,  93, 195, 119,  64, 144,  52
    .byte   144,   1, 240,  14, 215, 192, 144, 227
    .byte    39,   1, 240,  11, 215, 238,   7,  70
    .byte   119,   5,  85,  68,  85, 131,  85, 194
    .byte    85,   1,  86,  80, 222,   9, 239,  21
    .byte   176,   1, 240, 135, 214,  39, 239,  21
    .byte   176, 105,  24, 131, 200, 105,  71,  58
    .byte    35, 112,  16, 104,   4,  56,  61, 120
    .byte     4, 246,   3,  24, 120,  48, 104,  68
    .byte    17, 128,   9,  11, 120,   1, 240, 128
    .byte   104, 230,  16,  34,  48, 132, 112,   0
    .byte   240, 121, 208,   0, 104, 216, 128,   0
    .byte   104, 128,   1, 255, 243,  27, 104,  20
    .byte    56, 246,   7, 248, 236, 135, 197,   0
    .byte     4,  11, 196,   0,  87,  66,  53,  71
    .byte   246,  56,   4,  11,  12, 112,  10, 240
    .byte     0, 222,  20,  49,  71,   8, 222,  16
    .byte     2,  48,   4, 112, 196, 222,  57,  19
    .byte   209,  24, 131,   4, 144,  49,  55,  32
    .byte   144, 217,  70, 133, 120,   6,   1,   5
    .byte    11, 192, 150,   6,   3,   9, 115, 130
    .byte   104,   2,  56,   4, 120,   0, 104,   3
    .byte   115,  16, 167,   9, 115,   5,  11, 198
    .byte   222,  25,   4, 112, 239,  19, 100,   4
    .byte    56, 131, 170,  17,  55, 192, 144,   1
    .byte    94, 194,  93, 131,  93,  68,  93,   5
    .byte    93, 198, 119, 131, 239,  32, 114, 128
    .byte    85,  46, 120,  64, 154,   1, 240,  99
    .byte    88, 192, 104,  80, 120, 176,   8, 204
    .byte    17,   1, 240, 163,  96,  84,   8,  37
    .byte    17,  40,  49, 139, 113, 164,  50, 151
    .byte   113,  81, 200,  90, 113, 100, 146,  24
    .byte     8,  75, 116,  23, 115, 246,  30,  20
    .byte   115, 237,  19,  36,   0,  53,   8, 210
    .byte   222,   8, 140,  17,   3,  48,  14, 120
    .byte    12,   8,   2,  16,   4,   0,  13,   8
    .byte     5,   0,   8, 115, 253,  19,  48,   0
    .byte    21,   8,  17,   0,   2, 115,  52, 144
    .byte    49,   0,   8,   0, 128,  93, 239,  16
    .byte   150, 131, 103, 239,  22,  96, 239,  23
    .byte   205,   1, 240, 227, 208, 239,  23, 200
    .byte    64, 212,   1, 240, 228, 208, 239,  22
    .byte   232, 239,  80,  53,  68, 104,  17, 200
    .byte    66, 120,  72, 104,   4, 115, 196, 150
    .byte   214,  70,  17,  16,  84, 146,  36, 200
    .byte     0, 104, 188, 112, 222,  63,  89,   0
    .byte   240, 216,  90,  77, 121, 222,  48,  97
    .byte   248, 144, 228, 144,  72,   8,  17, 201
    .byte    82, 121, 168, 146,  89,   8,  72, 117
    .byte    18,  17,  29,  52,  90, 113,   0, 240
    .byte   151,  88, 168, 252, 236, 167, 171,  28
    .byte    41, 200, 163, 112, 141,  17,   0, 240
    .byte    24,  80, 172, 145,  28, 115, 132, 148
    .byte   192, 200,   4, 120,  72, 146,  25,   8
    .byte    28,   0,  23, 115, 193,  24, 185,   8
    .byte    73,  16,  76,   0, 192,   0, 113,   1
    .byte    14, 115, 132,  26,   0, 240,  87, 222
    .byte    30, 162, 109, 251,  29, 125,  20, 124
    .byte   204, 199, 114,   0, 104,  12,   0,   9
    .byte    16, 222,  79,  24,   0,  72, 146, 239
    .byte   240,  78, 134, 239,  32,  78,  89, 212
    .byte   246,  86, 239,  16,  80, 138, 120,  52
    .byte    71, 192, 104, 179, 136,  61,  50, 198
    .byte   114,  41, 152,   1, 144, 134, 116,  12
    .byte   144,   1, 115,   0, 104, 192, 119,  33
    .byte   152, 213, 166,  57, 144, 185, 136,  44
    .byte   144, 196, 118,  12,  24, 192, 119,  76
    .byte   119,  11,  85,  74,  85, 137,  85, 200
    .byte    85,   7,  86,  70,  86, 133,  86, 100
    .byte   144, 130,  85,  80, 144, 202,   8,   2
    .byte   240,  43, 120,   7, 249, 236, 159, 128
    .byte   106,  82, 133,   8, 104,   4,  56,   4
    .byte   120,   4,  11,   2, 120,  53,  71,  17
    .byte   115, 196, 222,  40,  57, 213, 128, 104
    .byte   210, 128, 239,  17,  16,   0, 104,   4
    .byte    64, 194, 248, 236, 135,   0, 240,  78
    .byte   209,  73, 104,  16,   0,   5, 240,   0
    .byte   115, 200,   8,   1,  84,  53,  55,   2
    .byte   222,  12,   7, 120,   4,  85, 222,   3
    .byte   105,  81, 167, 248, 145,  24, 146,  13
    .byte   115, 213,  70,  97, 246,   9,   0, 104
    .byte   128, 144, 144, 144,  64, 144,  38, 115
    .byte     1,  92, 112,   8, 145,   8, 128, 148
    .byte     1,  84,  70, 126, 245,  13,  23,  11
    .byte   198, 171, 240, 144,   1, 112, 180, 145
    .byte   136, 145, 236, 144, 235,  39, 144, 196
    .byte     4, 240,  81, 112,  60,  17,  20,  26
    .byte   218,   8,  36,  24, 234,   0,   4,  48
    .byte    20, 124,   4, 240,  17, 115, 128, 106
    .byte   248, 145,   8, 146,   1, 240,  34, 222
    .byte    17, 128, 239,  64,  17,   0, 104,   3
    .byte    84,  72, 126,   3,  92,  12, 112, 128
    .byte   145,  74, 104, 164, 145,   0, 240, 131
    .byte   212,   3, 120,   1, 144, 192,  28,   1
    .byte   115, 197, 145, 209, 166,   3,  84, 196
    .byte   203, 244, 145,   1, 112,  48, 145,  53
    .byte    11, 196,   8,  20,  11,  20, 200,  81
    .byte   120, 214,   8, 173,  16, 219, 195,  77
    .byte   120, 144, 145, 168, 145,   1, 240, 133
    .byte   215, 196,   8, 130,  20, 196,   0, 239
    .byte    16,  97,  61, 209,  26, 120,   3, 240
    .byte    19, 115, 223, 192,  76, 246,  15, 236
    .byte   144,   1, 240, 148, 215, 198,   8,  67
    .byte    26, 198,   0, 196,   8,  67,  18, 196
    .byte     0, 108, 145,  10, 115, 239,  16,  73
    .byte     0, 104, 160, 145, 235,  39, 160, 144
    .byte   209, 166, 136, 193,   2, 240,  59, 112
    .byte    66,  53,   7, 120, 222,  81,  29, 209
    .byte    64, 104,  67,  84,   2, 240,  50, 112
    .byte   130,  29, 130,  22, 150,  30, 202,   8
    .byte   146,  28, 218,   0, 130,  52,   1, 240
    .byte    19, 124, 128, 106,   2, 239,  19,  41
    .byte    92, 112,   8, 129, 239,  32,  78,   6
    .byte   126,  86,   9,  98, 133, 239,  18, 232
    .byte     8,  56,  54, 120,  17, 206, 196,   8
    .byte     1, 240,  70, 112,  18, 240,  64, 104
    .byte    25,  56,   1, 240,  65, 120,  20,  11
    .byte   145,  24,   5,  11,   0, 248, 236,  47
    .byte   157, 167,  51,  40,   3,  16,   1, 248
    .byte   236, 151,  49,  22, 189, 144, 179, 204
    .byte   193, 112, 176, 144,  16, 222, 141,  62
    .byte   120,  36, 146, 140, 145, 196,  86,   0
    .byte   240,  12, 213, 144, 144,   1, 240, 108
    .byte   122,  20,  11, 132, 145, 168, 145,   2
    .byte   240,  36, 212, 239,  25,  72, 193, 128
    .byte   237, 243, 191, 104,   2,  56,   2, 239
    .byte    17, 201,  64, 193, 248, 236, 135, 132
    .byte    93,  44, 115, 239,  48, 117,  82, 120
    .byte    20, 206,  80, 120,   4,  85, 220, 144
    .byte   164, 222,   9,   8, 212, 196,   8, 129
    .byte   239,  64, 116, 186, 208,  50, 120,   1
    .byte   240,  16, 115,   4,  85,  31, 115,  53
    .byte    11, 147, 201, 118, 222, 132, 160, 222
    .byte     4,  27, 212, 198,   8, 128,  28, 239
    .byte    16, 120, 128,  20,  30, 115,   4, 144
    .byte   156, 145, 236, 145,   0, 240,  77, 211
    .byte    36, 146, 144, 144, 112, 122,   4,  85
    .byte   148,   3,   6,  22, 196,   0, 101,   3
    .byte    90,  29, 214,   0,  16, 146, 130,  93
    .byte    17, 206,  32, 146,  65, 112,  36, 146
    .byte   220, 144, 222, 123,  58, 222,  16, 130
    .byte   222, 144, 239,  16, 169,  16, 146, 189
    .byte    21, 129,  30, 202,   8, 145,  28, 218
    .byte     0, 129,  52,   4,  93, 239,  16, 129
    .byte    11, 124, 222,  28,  85, 239,  16, 162
    .byte   239,  64, 246, 144, 209, 166, 132, 193
    .byte    21, 124,  10, 246,  11,   4, 246,  18
    .byte    11,   0, 240, 222,   0, 213, 239,  24
    .byte   202,  76, 104,  16,   0,   0, 104, 196
    .byte    92,  28, 128, 239,  18,  86,  22,  64
    .byte    28, 248, 236, 135,  88, 167, 136, 145
    .byte   133,  94,  70,  94,   7,  94, 200,  93
    .byte   137,  93,  74,  93,  11,  93, 204, 119
    .byte   238,  23,   1, 240,  36,  96, 131, 252
    .byte   236,  31, 192, 119,  74, 119,   9,  85
    .byte    72,  85, 135,  85, 198,  85,   5,  86
    .byte    68,  86, 131,  86,   2,  84,   2, 240
    .byte    35, 213, 192, 105,   0, 240,  91,  96
    .byte     1, 240, 156, 106,   8, 240,  64, 106
    .byte    28, 145,  69,   8, 239,  21,  11,  41
    .byte   112,  65,  84, 102,   8,   1, 153,  75
    .byte   249, 236, 159, 195, 131,  49,  71,  29
    .byte   120, 145,  60,  72, 239,  40,  59, 200
    .byte    16,   2, 240, 102, 213, 246,  26,  14
    .byte   120,  78, 104, 217,  16,  87, 130,  53
    .byte    71,  57, 167,  22,  48,  69, 112, 200
    .byte   144,  66,  92, 225,  39, 145,  66, 195
    .byte   131, 129,  60,   5, 239,  96,   7,  97
    .byte   213, 170,  21,  12, 195,  38, 116,   1
    .byte   115,  65,  84,  65,  92,  20,   8, 113
    .byte   116,   2, 240,  43, 213, 196, 144, 131
    .byte    94,  68,  94,   5,  94, 198,  93, 135
    .byte    93,  72,  93,   9,  93, 202, 119,  72
    .byte   119,   7,  85,  70,  85, 133,  85, 196
    .byte    85,   3,  86,  66,  86, 129,  86,  64
    .byte   239,  66, 217,   2, 240, 111, 213,  83
    .byte   222,  52, 192, 105, 199, 131,   8, 240
    .byte     0, 106, 144,  60, 239, 120, 152, 192
    .byte   222,  33, 172, 213,   0, 104, 132, 129
    .byte    16, 144,  53,  55, 136, 104,  38,  56
    .byte   156, 120,  80,  11, 118, 121, 224,   8
    .byte   169,  26,  16,   1, 214,  70,  65, 112
    .byte   113,  11,  50,   1, 213, 166, 217, 192
    .byte    78, 112, 192, 105, 241,  13,  19,  11
    .byte   204, 144, 228, 144, 248, 144, 235,  39
    .byte   220, 192, 105, 120,  20,  17,  40,  25
    .byte    14, 195,  12, 116, 199, 131, 128,  60
    .byte    29, 115,  32, 240,   0, 104,  20,  64
    .byte   128, 106,  22, 254, 236, 135, 193,   8
    .byte   136, 193,   7, 112,  60, 222,  33,   0
    .byte     8, 217, 166,   2, 192,   1, 240,  27
    .byte   112, 146,  13,   1, 240,  88, 121,  64
    .byte   240, 192, 105,  71,  58,  20, 239,  17
    .byte     1, 246,  15,  96,   8,  29, 115, 132
    .byte    60,  64, 105,   1, 240,  52, 112,   1
    .byte   240,  45, 115, 199, 131, 239,  19, 107
    .byte    17,  64, 215, 251, 236, 135, 128,  60
    .byte     1, 240,  15, 115,  19,  11, 192, 105
    .byte   221, 166, 204, 144, 236, 144, 229,  39
    .byte    96, 144,  20, 167,   9,  51,   1, 240
    .byte     7, 112, 215, 131, 222,  85, 239,  19
    .byte    58,  10, 120, 193,   8,  40,  25,  48
    .byte   222, 166,   4, 120, 222, 234,  40,  25
    .byte   242,  13,  19,  11, 239,  19, 117, 232
    .byte   144, 244, 144, 235,  39, 229, 131,  66
    .byte    50,  36, 120, 223, 243,  63, 104,  24
    .byte    56, 213, 222,  30,  17,   1,   0,  11
    .byte   192,   0,  75,  58,   4, 239,  80,  52
    .byte     0,  48, 104,  32,  17, 200,   8,   9
    .byte   239,  35,  92, 226,  16,  34,  48, 131
    .byte   112,   0, 240, 242, 214, 213, 131,  24
    .byte     1, 132, 239,  64, 182, 239,  16, 134
    .byte    38, 214, 216, 145,  32, 239,  36, 212
    .byte     8,  64, 197, 222,  21, 136,  60,  20
    .byte   167,  24, 112,  18, 115,   0, 240,  20
    .byte   213,   0,   8,  93, 104,  17,  48, 199
    .byte   131,  66, 120,  28, 145, 239,  16, 159
    .byte    64, 104,   1,  64,  49,  71,  64, 104
    .byte   133, 249, 239,  16,  86, 239, 112,  19
    .byte    72, 214, 196, 144, 129,  94,  66,  94
    .byte     3,  94, 196,  93, 133,  93,  70,  93
    .byte     7,  93, 200, 239,  99, 208,  14, 222
    .byte     2,  64, 105,  65, 130,  24, 144,  44
    .byte   144,   0, 240,   4, 210,  16, 248, 236
    .byte   151,  71, 222,  14,  80, 104, 209,  16
    .byte    36,   8,  40,  16,  36,   0,   8, 115
    .byte   211, 248, 236, 159, 101, 130, 191, 243
    .byte   255, 104,  43,  56, 101, 250, 236, 135
    .byte   239,  51, 222, 239, 147, 213,  76, 144
    .byte   239,  25, 152, 239,  17,  45, 192, 105
    .byte   195, 131,   4, 239,  36,  32,  73, 120
    .byte    14, 104, 200,  16,  67, 130, 130, 104
    .byte   220, 222,  30, 222,   0, 209, 195, 131
    .byte     1, 115,  49,  71, 191, 243, 127, 104
    .byte     1,  56, 195, 251, 236, 135, 246,  63
    .byte   212, 144, 224, 144,   2, 240,  41, 214
    .byte   239, 147, 157, 239, 240,  63, 222, 127
    .byte   189, 209, 222, 245, 220, 166,  51,  48
    .byte   202, 112,  64, 240, 192, 104,  43,  64
    .byte   222, 120, 239,  48,  71,   4,   0,   5
    .byte   115, 239, 208,  66,  65, 119,  14, 104
    .byte     4,  16,  64, 104,   1, 128,   0, 240
    .byte   165, 209, 239,  26, 169,   2, 240,  25
    .byte   215, 196, 142,  87, 170,  65, 120, 194
    .byte   119, 196, 150,  65,  84,   0, 240, 183
    .byte   213,  65,  92,  16,   0, 208, 166, 194
    .byte   239, 225, 166,  75,  94,  84, 120, 158
    .byte   120, 247, 120,  79, 255, 236,  15,   1
    .byte   246,   2, 124,  28,  13, 172,  38, 113
    .byte   221, 145,  32, 105, 100,  51, 192, 105
    .byte     1, 240, 146, 121,  16, 145, 124, 145
    .byte    96, 144, 239,  25, 100, 248, 120, 192
    .byte   104, 188, 144,   3, 240,  93, 122, 192
    .byte   104, 181,   1, 132,   1, 246,  22,  23
    .byte   246,  11,   1, 240,   8, 120, 189, 152
    .byte   207,  57,   1, 240,  53, 121, 239, 112
    .byte    21, 209, 167,  28, 204,   1, 240, 120
    .byte   113, 222, 203,  67, 122, 132,   1, 149
    .byte     1, 246,  22, 239,  24, 243, 185, 152
    .byte   206,  57,  57, 121,  78, 222,   5,  33
    .byte   105,  12,  20,  13, 246,   4,  83,  27
    .byte   160, 105, 134,  51, 192, 106,   1, 240
    .byte     3, 122,  24, 145, 252, 222,  42, 239
    .byte    21,  86,  69, 122,  18, 248, 236, 207
    .byte   222, 104, 148,   1,  50, 248, 236,  79
    .byte   192, 106,   2, 240,  30, 115,  67, 122
    .byte     0, 104, 133, 222,  49, 192, 106, 183
    .byte   252, 236,  79,   2, 240,  21, 115, 209
    .byte   167, 131,  29, 160,  34, 245,  42,  84
    .byte    34,  65,  42,  20,  64,   1, 240,  18
    .byte   222,  14,   7, 222,  14, 128, 104, 164
    .byte     1, 133,   1,  55, 239,  64,  14,   1
    .byte   115,  68, 122, 188,  57, 192, 106,  53
    .byte     2, 180,   1,  73, 176,  48, 144, 180
    .byte   239,  21, 144, 113, 202, 254, 236,   7
    .byte   246,   2,  15, 182,  40, 224, 104,  62
    .byte    24,  23,  32,   2,  40,  52, 222,  18
    .byte    43, 115, 101, 171, 163, 113, 224, 106
    .byte    77,  28, 224,  36, 245,  42, 148,  36
    .byte   222,  93,  67,  51,   0, 104,  36, 121
    .byte    32, 144, 112, 222,  13,  13, 222,  52
    .byte   173,  57, 132,   1, 165,   1, 195, 222
    .byte    17, 192, 222,  17,  52,  40, 239,  16
    .byte    80,  15, 115, 221, 145, 239, 144,  55
    .byte   192, 105,  12, 239,  17,  93, 105,  65
    .byte    27, 176,  34, 132,  34, 196, 253, 236
    .byte   167, 128,  44,  32,  65, 148,  44,   1
    .byte   115, 112, 144,   0, 106, 208, 166, 152
    .byte   248, 112,   7,  66,  86,  76, 248, 144
    .byte     7,   1,  85, 209, 167, 128, 145,  32
    .byte   146, 156, 144,  56, 144,  61, 162, 196
    .byte    42, 179,  70,  21, 160, 136,  43, 148
    .byte    68,  41, 161, 140,  43,  34,  68,  61
    .byte   161, 179,  66,   2,  92,   1, 248, 162
    .byte    15,   1,  92, 131, 252, 160,  15, 128
    .byte   248, 236, 151, 128, 145, 209,  70,  33
    .byte    62,   3,  58, 148, 252, 162,  15,  62
    .byte   250,  40,  15,  21, 153,  93, 117, 128
    .byte   104,  75,  94,  10,  65, 157, 167,  31
    .byte    41, 253, 160,   1, 161,  68,  67,  66
    .byte   122,  53,   2, 148,   1,   0, 240,  99
    .byte   108,  29,  56,  52,  64, 114,  65,  12
    .byte   144, 156, 145, 239, 210,  97,  68, 119
    .byte     3,  85,  66,  85, 129,  85,  64, 144
    .byte    12, 104, 192, 136, 130, 105,  66,  58
    .byte    26, 112,   1, 240, 239,  17, 228,   1
    .byte   240, 107, 212, 239,  17,  57, 128, 104
    .byte    54, 128,   9, 120,   2, 240, 192, 106
    .byte   191,  68,  54, 248, 236, 135, 192,   0
    .byte     0,   3,  81,   3,  14, 239,  38, 122
    .byte    12,  56,  10, 112,  78,  66,   6, 246
    .byte    11,   1, 240,   3, 104, 192,  16, 246
    .byte    30, 209, 166,   1,   3, 129,  93,  66
    .byte    93,   3,  93, 196, 119,  65, 119,   1
    .byte   240,  44,  96,   3, 240,  73, 239,  43
    .byte   161, 246,  54,  66, 246,   6,  69, 119
    .byte     4,  85,  67,  85, 130,  85, 193,  85
    .byte    84, 144, 239,  18, 154,  21, 212,   4
    .byte   104, 196, 200,   2, 120,   8, 104,   4
    .byte   115, 129, 151, 210,  70, 196,  16,  64
    .byte   146,  21, 121,  16, 155, 116,   8, 236
    .byte   200, 150, 120, 222, 119,   2, 213,  96
    .byte   144, 157, 121,  44, 155,  73, 202,   1
    .byte   112, 228, 144, 200, 144, 208, 144,   2
    .byte   240, 203, 215, 192, 246,  13,  83, 213
    .byte    18, 115, 239,  37, 106, 222,   2,  13
    .byte   115, 236,  24, 200, 104,  59, 200, 198
    .byte   112,  49,  16,   4,   0,  44,   0,  76
    .byte   146,   1, 240,  99, 213,  32, 145,   1
    .byte   115, 128, 105,   0, 222,  46, 200, 144
    .byte   193,  93, 130,  93,  67,  93,   4,  93
    .byte   197, 239,  75, 226,   5, 239,  29,  91
    .byte   221, 251,  39, 246,  55,   8, 246,   7
    .byte   163, 246,   7,  16, 144,   4, 246,   5
    .byte   168, 246,   5,  12,   0,   0, 246,  33
    .byte     1,   0,   1,   1,  15,  12,  14,   0
    .byte    16, 246,   6,  20, 246,   2, 146,  17
    .byte     1,   0,  18, 246,   4,   7,  15,   0
    .byte     0, 108,  32,  37, 100,  32, 114,  32
    .byte    37, 100,  10,   0,   0,  32,  32, 246
    .byte   177,  48,  48, 246, 177, 160,  30,   1
    .byte     0,  88,  32,   1,   0, 104, 246,   4
    .byte   132, 246,   2, 120, 255,   1,   0,  84
    .byte     1, 222, 227,   7, 246,  66,   0,   2
    .byte     1, 246,   2,   4,   0,   0,   3, 246
    .byte     4,   3, 246,   4,  10, 246,   4,  14
    .byte   246,   2,  15, 222, 116,   1,   1,  32
    .byte   188, 190,   0, 127, 255, 255, 255, 156
    .byte   246,   2, 157, 246,   2, 160, 134,   1
    .byte     0, 208, 246,   4, 224, 246,   2, 254
    .byte   246,   2,  48,  49,  50,  51,  52,  53
    .byte    54,  55,  56,  57,  65,  66,  67,  68
    .byte    69,  70, 222,  95, 246, 122,  97,  98
    .byte    99, 100, 101, 102, 246,  26,  98, 117
    .byte   103,  32, 105, 110,  32, 118, 102, 112
    .byte   114, 105, 110, 116, 102,  58,  32,  98
    .byte    97, 100, 246,   2, 115, 101, 246,  14
    .byte   236,   0,   1,   0,   4,   1,   1,   0
    .byte    28, 246,   2,  52, 246,   2,  76, 246
    .byte     2, 100, 246,   2, 124, 246,   2, 252
    .byte   246,  14,  20, 246,   4,  44, 246,   2
    .byte    68, 246,   2,  92, 246,   2, 116, 246
    .byte     2, 140, 246,   2, 120,   2,   1,   0
    .byte   107, 239,  64, 139, 136, 246,   6, 156
    .byte   246,   2,   1, 246,  72, 204, 246, 134
    .byte   246, 241, 246,  49,  24,  31, 222,  23
    .byte   246,   2, 208, 246,   2, 255, 255, 255
    .byte   255, 246,  26, 246,  84, 148, 253, 239
    .byte    48, 143
    .align 2
compressedBinaryEnd:

//Code for decompressing the compressed binary
decompressor:
    ldc r0, 246
    ldc r1, 222
    ldc r2, 239
    ldap r11, compressedBinaryEnd
    or r3, r11, r11
    ldc r4, 0x100
    shl r4, r4, 8
    or r5, r4, r4
    ldap r11, compressedBinary
    ldc  r6, 0
loop:
    lsu  r10, r11, r3
    bf   r10, done
    ld8u r7, r11[r6]
    add  r11, r11, 1
    eq   r10, r7, r0
    bt   r10, marker
    eq   r10, r7, r1
    bt   r10, marker
    eq   r10, r7, r2
    bt   r10, marker
copyChar:
    st8  r7, r4[r6]
    add  r4, r4, 1
    bu   loop
marker:
    ld8u r8, r11[r6]
    add  r11, r11, 1
    bf   r8, copyChar
    eq   r10, r7, r0
    bt   r10, marker0
    eq   r10, r7, r1
    bt   r10, marker1
marker2:
    shr  r7, r8, 4
    zext r8, 4
    ld8u r10, r11[r6]
    add  r11, r11, 1
    shl  r8, r8, 8
    or   r8, r8, r10
    bu   adjustR8
marker1:
    shr  r7, r8, 6
    zext r8, 6
adjustR8:
    add  r8, r8, 11
    add  r8, r8, 4
    bu   copyManyChars
marker0:
    shr  r7, r8, 4
    zext r8, 4
copyManyChars:
    shl  r8, r8, 1
    add  r7, r7, 3
    sub  r9, r6, r8
loopChar:
    ld8u r10, r4[r9]
    st8  r10, r4[r6]
    add  r4, r4, 1
    sub  r7, r7, 1
    bt   r7, loopChar
    bu   loop
done:
    ldc r0, record_decompression_time
    bf r0, real_done
    getr r0, 1
    in r1, res[r0]
  ldc r2, 0x1ff
  shl r2, r2, 8
    ldc r3, 0xd0
  or  r2, r2, r3
    ldw r4, r2[0]
    sub r1, r1, r4
    stw r1, r2[0]
    freer res[r0]
real_done:
    bau  r5

