#include <xs1.h>

.text
.globl _start
.globl _start.nstackwords
#if defined(__XS2A__)
  .align 4
  .issue_mode single
  _start:
    ENTSP_lu6 0
#else
  .align 2
  _start:
#endif
.set _start.nstackwords, XS1_DBG_BUFFER_WORDS + 1 + (memset.nstackwords)

.set _DoSyscall, 0x104da

.set _DoException, 0x1009e

.set record_decompression_time, 0

//Relocate to the end of memory
.set decompressor_bytes, _edp.bss - _start
.set decompressor_words, (decompressor_bytes + 3) / 4
.set decompressor_src, _start
.set decompressor_dest, .ram_base + .ram_size - (_start.nstackwords * 4 + decompressor_words * 4 + (0x10000 - .ram_base))
.set decompressor_offset, decompressor_dest - decompressor_src
.set done_offset, done + decompressor_offset

  ldc r0, record_decompression_time
  bf r0, skipped_time
  getr r0, 1
  in r1, res[r0]
  ldc r2, 0x1ff
  shl r2, r2, 8
    ldc r3, 0xd0
  or  r2, r2, r3
  stw r1, r2[0]
  freer res[r0]

skipped_time:
  ldap r11, decompressor_src
  mov r0, r11
  ldap r11, decompressor_dest
  ldc r1, decompressor_words
relocation_loop:
  sub r1, r1, 1
  ldw r2, r0[r1]
  stw r2, r11[r1]
  bt r1, relocation_loop
.set relocation_jump_dest, decompressor + decompressor_offset
  bl relocation_jump_dest

//The compressed binary
compressedBinary:
    .byte    75, 104, 209, 254, 236,  23,   4, 240
    .byte   139, 104, 194, 254, 236,  31, 195, 134
    .byte    57, 216,   1, 115,  77,   7, 212,   6
    .byte    67, 116, 240,  31,  53, 208,   0, 240
    .byte   154, 111, 240,  23, 224,  23,   0, 240
    .byte    21,  96,  64, 104,   0, 240, 155, 108
    .byte     0, 240, 234, 209,   0, 240,  23, 108
    .byte   222,  23, 156, 222,   7, 227, 222,   7
    .byte     0, 210,   0, 240,  44, 246,   7, 198
    .byte   106, 200, 234, 207, 234,   0, 104,   1
    .byte    84,   0, 240,  64, 104,  72, 120,   1
    .byte   100,   0, 240, 181, 209, 176, 248, 236
    .byte   151, 194, 122,   1, 144, 240,  79,  65
    .byte   222,   8, 139, 209,   2, 112,   0, 240
    .byte   176, 246,  12, 185, 209,   0, 144, 222
    .byte     1, 240,  13, 115,   1, 208, 238,   7
    .byte     5, 220, 255,   7,   3, 240,  10, 219
    .byte   251,  55,   0, 240,  86, 111, 192, 106
    .byte   251,  47, 192, 119, 192, 119, 237,   7
    .byte   236,   7,  65, 119,   0, 240,  47, 246
    .byte    34,  30, 109,   6, 121,   0, 240,  88
    .byte   109,   1, 153,   4,  75, 224,  39,   4
    .byte   117, 193, 119,  65, 119, 132, 119,   1
    .byte    85,  66,  85, 131,  85,   0, 240, 157
    .byte   109, 136, 121,   0, 105,   0, 240,  89
    .byte   109, 222,  31,   1, 145, 178, 203, 197
    .byte   118,   0, 240, 186, 209,   1,  93,  66
    .byte    93, 131,  93, 132, 103, 193, 119,   0
    .byte     0,   0, 240,  37, 108,   8, 232,   0
    .byte   240,  70, 104, 212, 254, 236,  15, 192
    .byte   246,  29,  37, 108,   0, 232, 222,  20
    .byte    35, 222, 204,  35, 222,  76,  34, 222
    .byte   204,  34, 222,  76,  36, 222, 204,  36
    .byte   222,  76,  31, 222, 204,  31, 222,  76
    .byte    33, 222, 204,  33, 222,  76,  32, 222
    .byte   204,  32, 222,  44, 135, 119,   6,  85
    .byte    69,  85, 132,  85, 195,  85,   2,  86
    .byte    65,  86, 128,  86, 238,  23,   0, 240
    .byte   196,  96, 191,  76, 193, 232,  79, 183
    .byte     0, 240,  42, 109, 148,  18, 201, 232
    .byte    29, 167, 128, 106,   0, 240,  43, 110
    .byte    44, 145,  92, 145,   2, 115, 104, 198
    .byte   108, 145, 209,  78, 209, 206,  72, 175
    .byte    72, 175, 222,  20,  62,  18,  95,  23
    .byte    15, 183, 139, 121,  57, 177, 204, 125
    .byte     1, 240, 164, 105,  58, 196, 100, 144
    .byte   193, 113, 128, 105, 234,  21, 228, 145
    .byte   213, 117, 162, 197, 130, 113,  52, 145
    .byte    27, 119, 249,  25,  29, 119,  79, 119
    .byte    14,  85,  77,  85, 140,  85, 203,  85
    .byte    10,  86,  73,  86, 136,  86, 199,  84
    .byte   130,  84,  68,  84,   3,  84, 246, 107
    .byte     4,  96, 211,  76,  65, 233, 201, 183
    .byte   129, 222,  33,   0, 104,   0, 240,  44
    .byte   109,   0, 240, 231, 110,   1, 240, 100
    .byte   106,  89, 167,  48, 144,  32, 144,  56
    .byte   145,  72, 145,   8, 115,   2,  92,  70
    .byte   104, 196, 174, 222, 125,  88, 250, 236
    .byte    63,   8, 248, 236, 151,   2, 112, 133
    .byte    84,   2, 115, 133,  84, 197, 150,   0
    .byte   104, 135, 252,  32,   0,  65, 170, 198
    .byte    84, 108, 222,  14,  60, 222,  14, 193
    .byte   120, 202, 150, 192, 104, 187, 252, 191
    .byte     0, 149, 204,  66, 112,  67,  92,  73
    .byte   175,  93, 170, 169, 204, 130, 112, 132
    .byte    92,  74, 175,   0,  21, 183,  18, 104
    .byte    19,   4, 216,   7,  92, 240,  71,  24
    .byte   146,   9, 115,   7,  92, 209, 206, 209
    .byte    78, 196, 182,  70,  84, 196, 182,  69
    .byte    84, 222,  22, 237,   7,  65, 233, 129
    .byte   183, 216,  24, 217,  23,  73, 233,  44
    .byte   216, 245,  71, 245,   7, 236,  24,  54
    .byte   192, 197, 112, 221, 222,   8,  14, 222
    .byte     8,  24, 144, 245,   7, 128,  25,   4
    .byte   192,   4, 112, 241,  22,  73, 233,  19
    .byte   246, 130, 246,  24,   7, 236,   7, 201
    .byte   177, 129, 183,   0, 240,  71, 127, 140
    .byte   145, 215, 166,   0, 240, 176, 208,  38
    .byte   125,   4,  92,  64, 104, 196, 174, 164
    .byte   144,  43, 119, 133, 177, 133, 183,  46
    .byte   124,   3, 222,  40, 148, 144,  51, 119
    .byte   246,  70,  68, 246,   6,  74, 239,  17
    .byte   110, 208,   0, 240,  64, 222,   6,  69
    .byte    94, 148, 145,   6,  93, 224, 144,   0
    .byte   240, 162, 222,   9,  73, 222,   9,  68
    .byte   222,  15, 140, 222,   6,  74, 222,   6
    .byte   148, 145, 222,  29, 149, 208, 164, 145
    .byte    72,  66, 240, 144,   0, 248, 236, 151
    .byte   239,  16, 139,   2, 240,  18, 116,   0
    .byte   104,   2, 192, 239, 112, 130,   3, 112
    .byte   142, 196,   2, 240,  21, 116,   2,  92
    .byte    73, 246,  39,   2, 240,  26, 119,  67
    .byte   119, 194, 134, 198, 134, 212,  22, 209
    .byte    22,   1,  84,  66,  84, 209, 246,  63
    .byte   100, 108, 193, 174, 246,  43,  96, 239
    .byte    17, 148, 124, 208,  65, 119,   0,   8
    .byte    69, 246,  38, 168, 108,   0, 240,  17
    .byte   213,   0,   0,  65, 119,  49,   8, 239
    .byte    33,  81, 240,  99, 222,   2, 162, 222
    .byte     2, 230, 212,  36, 144,  16, 144,  13
    .byte   246,   3, 130, 216, 251,  39, 246,   9
    .byte   104,  16, 246,  55, 127, 246,  62, 129
    .byte   222,   2, 151, 213, 222,  20,  66, 119
    .byte     1,  85,  64, 144, 239,  17, 207, 115
    .byte   222,  10, 117, 222,   2, 163, 213, 192
    .byte   246,   4, 121, 208, 187, 168, 219, 122
    .byte    52,  71, 246,  20, 110, 151, 252, 236
    .byte    63,  51, 144, 195, 106,  47,  47, 188
    .byte    24, 197, 122, 171,  28,  61, 154, 147
    .byte   252, 236, 143, 196, 118, 186, 168,  61
    .byte   154, 159, 252, 236,   7, 196, 118,  62
    .byte    16, 218,  70, 133, 120,  14,  24,  41
    .byte   152,  18, 248, 236, 143, 132, 116, 192
    .byte   119, 201, 134,   0, 240,  68,  96, 238
    .byte    23, 167, 246,   1, 239,  17,  85, 132
    .byte   222,   6, 171,  76, 226,  23, 192, 119
    .byte    67, 119,   2,  85,  65,  85,  68, 144
    .byte    80, 239,  32, 125,  32, 144, 209, 166
    .byte   212, 144, 240, 222,   6, 136, 208,  65
    .byte    93,   2,  93, 195, 119, 133, 119, 193
    .byte    87, 176, 144,  67,  84, 132,  84, 197
    .byte    84, 131, 100, 130,  84,   0, 240,  13
    .byte    88, 156, 145,   0, 240,  62, 209, 193
    .byte    95, 133, 103, 246,  81, 239,  17, 226
    .byte   237,   7,   7, 135,   1, 240, 239,   0
    .byte   218,  68,   8, 128, 100, 157,   7,  79
    .byte     7,   3, 184, 211, 184,  69,   8,   1
    .byte   145,   2, 161, 104,  26, 203,  22, 148
    .byte   148,  68,   8,  12, 117, 245,  31, 181
    .byte     8, 235,  39, 245,  23, 229,  23, 239
    .byte    17, 235, 195, 119, 208, 166, 239,  18
    .byte    18, 239,  18,  16,   4, 212, 239,  18
    .byte     7, 246,  30, 209, 193, 119,   7, 104
    .byte     0, 240,  14, 212, 239,  18,  29,  16
    .byte   144, 239,  17,  90,  20, 222,  38, 129
    .byte   135,   0, 240,  21,  80, 239,  16,  78
    .byte    85,  88, 197, 182,  16,   8,  37, 144
    .byte    32,   0,   0, 240, 149,  88, 202, 174
    .byte    33,   8,  41,  48, 131, 124, 192, 119
    .byte    17,   8,  21, 144,  17,   0, 192, 119
    .byte   212, 166,  16,   0,  64, 104, 222,  21
    .byte   238,  23,  16,   8, 151,  52,  83, 112
    .byte   246, 203,  32,   8, 212, 166,   7, 115
    .byte   246, 203, 222,  35, 222,   9,  41,  48
    .byte   137, 124, 176, 246,  21, 246,   1, 174
    .byte   239,  80,  17, 222,   4, 152,  17,   0
    .byte    72, 239,  64,  12, 246,  88, 246,  46
    .byte    88, 192, 174, 192, 119,  56, 144, 239
    .byte    16, 209,   6, 104,   1, 240, 132, 218
    .byte   251,  39, 239,  16, 198,  68, 144,   1
    .byte   240, 141, 210,  80,  50, 241,  79,   1
    .byte    93, 194, 119,   0,   0,  49,  64, 222
    .byte     0,  70, 204, 112,  94, 167, 187,  60
    .byte     0, 240, 207, 120,  41, 152,  54, 136
    .byte    50, 248, 236, 143, 187,  60, 198, 116
    .byte     0, 240,   7, 115, 133, 222, 105, 133
    .byte   116, 192, 119, 155, 120,  22,  16, 178
    .byte    16,  42, 168, 218,  70,  22, 248, 236
    .byte    39,  62, 250, 236,  39, 226,  47,   3
    .byte   115,  12, 115,   9, 115,   6, 115,  84
    .byte   250, 236, 167, 124, 252, 236, 167,  55
    .byte     8, 191,   1,  54,   8, 190,   1,  53
    .byte     8, 189,   1,  52,   8, 188,   1, 179
    .byte    52, 206, 124, 192, 246, 101, 200,   0
    .byte   240, 247, 124,  50,  16,  51, 222,   4
    .byte   251, 124, 135, 120, 192, 104, 183, 136
    .byte   179, 246,  29,  61, 144, 190,  48, 198
    .byte   126, 192, 119,  66, 119, 192, 106, 193
    .byte    86,   1, 240,  95, 210, 194, 119,  68
    .byte   119, 194, 102, 222,  22,  89, 210,   2
    .byte    92,  67,  92, 196, 239,  32, 165,  15
    .byte    96,   0, 240, 144, 212, 193, 246,   5
    .byte     1,  85,   0, 240,  17, 222,   7, 151
    .byte   212,   0, 240,  22,  88,  30, 112, 128
    .byte   104, 222,   6,  80, 210, 166,   0, 240
    .byte    24,  80,   0, 240,  26, 222,  13,  25
    .byte   222,   4,  12,  88, 239,  17, 147,  27
    .byte   208, 239,  16, 239,  73, 104,  17, 167
    .byte   239,  17, 147,  20, 222,   7,  14,  88
    .byte    82, 104, 130, 239,  16, 201, 222,   6
    .byte    22,  81, 246, 214, 161, 212, 239,  16
    .byte   119, 239,  80,  36, 168, 239,  32, 222
    .byte   192, 104,  48,   0,  49,   0,  50,   0
    .byte   179, 248, 236, 159, 159, 249, 236, 135
    .byte    78, 104,  17,  16,  39, 248, 236, 135
    .byte   112,   2, 113,   2, 114,   2,  67,   2
    .byte     2, 240, 194, 218,  48,   5,   2, 240
    .byte   224, 218,  49, 222,   3,  10, 219,  50
    .byte   222,   3,  43, 219,  51,   5,   1, 240
    .byte    84, 104,   1,  16,   0, 240, 235, 246
    .byte   148,   2, 240, 210, 217, 140, 145,   2
    .byte   240, 128, 209, 193, 119, 120, 119,  55
    .byte    85, 118,  85, 181,  85, 244,  85,  51
    .byte    86, 114,  86, 177,  86,  88, 144, 100
    .byte   144, 160, 144, 145,  86, 239,  16,  84
    .byte   239,  19,  81, 110, 212, 203, 249, 236
    .byte   159,   0, 106,  64, 133,   8, 240,  64
    .byte   104,  17,  56,  66, 120,  49,  71,   7
    .byte   115,   1, 240,  20, 104, 136,  17,   0
    .byte   240,  14, 213,   0, 104, 192, 128,  72
    .byte   104,   1,  56,   2, 120, 200,  11,  18
    .byte   112, 136, 145,   1, 240, 211, 210,  14
    .byte   120,  16, 167,  13, 104, 136, 137,  66
    .byte   222,  12,  21, 240,  39, 112, 239,  80
    .byte     8,  10, 213,  21, 240,  32, 115,  73
    .byte    85,  16,  85, 221, 101, 237,  85, 176
    .byte   145, 239,   0,  84, 238,  84,  39, 104
    .byte    83, 100,   4,  16,   7,  84, 241, 166
    .byte   165, 104,  76, 144, 200,  84,   4, 115
    .byte    80,  86,   0, 104,  46,  84, 165, 104
    .byte    28, 145,   2, 115, 124, 146, 201,  84
    .byte   192, 105,   1, 115,  61, 145,  11, 139
    .byte     2, 120,  18,  48,  69, 124, 211, 121
    .byte    36,   1,  53,   1,  47,  92,  67,  18
    .byte    47,  84,  46,  92,  17, 144, 110,  84
    .byte   215, 166,   1, 192,  10, 246,  46, 109
    .byte   100,   1, 240,  64, 209,  93, 101,   5
    .byte   120,  20, 240,  56, 115,  14,  85,   4
    .byte   115, 148, 149,  76,  19,  14,  85,  11
    .byte   139,  20, 240,   5, 120,  48, 100,  64
    .byte   104,  17, 248, 236, 143,  11,  19,  97
    .byte   144,  77,  84, 116, 144,  79,  84,  88
    .byte   167,   4, 115,   9,  92,  64, 146,   9
    .byte    84, 104, 144, 233, 144,   0, 104, 216
    .byte   136,   1, 115, 241, 166, 104, 144,   2
    .byte   115, 104, 144, 207,  84,   0, 240, 117
    .byte   127, 161, 193,   5, 240, 187, 120, 164
    .byte   252, 236, 167,   1, 240,  26, 104,  50
    .byte   200,   5, 240, 246,   0, 112,  73, 160
    .byte   192, 104,   1, 240, 184, 104, 228,  47
    .byte     3, 240,  47, 115,   5, 240,  45, 222
    .byte     2,  43, 115,   3, 240,  48, 222,   4
    .byte    39, 222,   2,  37, 222,   2,  35, 115
    .byte     0, 240,  42, 119,   5, 240,  31, 222
    .byte     6,  29, 222,  14,  38, 222,   2,  53
    .byte   222,   6,  23, 222,   4,  45, 115,   2
    .byte   240,  40, 222,   6,  17, 222,   6,  51
    .byte   222,   6,  18, 222,   2,  16, 222,   2
    .byte    14, 222,   2,  12, 222,   2,  10, 222
    .byte     2,   8, 222,   2,   6, 222,   2,   4
    .byte   222,   2,   2, 115,   4, 240,  59, 222
    .byte     2,  57, 222,   2,  55, 222,   2,  53
    .byte   222,   2,  51, 222,   2,  49, 222,   2
    .byte    47, 222,   2,  45, 222,   2,  43, 115
    .byte    10, 240,  60, 115,  11, 246,  45,   4
    .byte   246,  49,   4, 222,  36,  33, 222,   2
    .byte    31, 222,   2,  29, 222,   2,  27, 222
    .byte     2,  25, 222,   2,  23, 222,   2,  21
    .byte   222,   2,  19, 246,   7, 246,  69,  15
    .byte   222,   2,  13, 222,   2,  11, 246,  17
    .byte    42, 222,   4,   7, 222,  12,  38, 222
    .byte     4,   3, 222,   2,   1, 222,   6,  49
    .byte   115,   3, 240,  61, 222,   2,  59, 222
    .byte     2,  57, 222,   2,  55, 239,  32,  85
    .byte   239,  16,  77,   3, 222,  46,  47, 239
    .byte    32,  89,   3, 246,  49,   9, 246,  49
    .byte    10, 246,  27,   3, 222,  34,  35, 222
    .byte     2,  33, 239,  32,  85,  10, 246,  47
    .byte     2, 239,  32, 109,  25, 239,  32,  97
    .byte     3, 246,  49,   2, 240,  28, 222,  12
    .byte    39, 246,  33,  17, 222,   6,   9, 222
    .byte    10,  11, 246,  17,  42, 222,   4,   4
    .byte   119,  10, 240,  40, 222,   4,   3, 222
    .byte     2,   1, 246,   3,  53, 246,   1, 246
    .byte   113,  16, 119, 202, 106, 175, 252, 236
    .byte    63,  22,  16,   0, 240,  45, 109, 116
    .byte    18, 239,  48, 200, 132,  18, 243, 205
    .byte   104, 144, 206, 118, 246,  31, 119, 233
    .byte   144, 192, 104, 219, 136, 234, 106,  55
    .byte    53, 220, 114, 204, 144,   0, 240, 237
    .byte   110, 247,  20,  10, 105, 140, 203, 172
    .byte   144,  11, 122, 136, 144, 216, 251, 236
    .byte    63, 231,  18, 234, 144, 147, 137, 247
    .byte    20, 156, 203, 224, 145,  74, 118,   1
    .byte   115, 172, 144, 184, 249, 236, 151, 112
    .byte   144,   3, 240, 251, 124,  88, 167,   3
    .byte   240,  62, 119,   9,  92, 160,   8, 152
    .byte   222,  10,   4, 240,  76, 222,   9,   4
    .byte   240,  15, 119,  77,  92,  52,  71,   4
    .byte   240,  79, 116,  64, 104, 160, 104,  23
    .byte   115, 213, 166,  61,  65,   4, 240,  22
    .byte   246,   5,  80, 146,   0,   8,  15,  84
    .byte    32, 248, 236, 151,  73,  84,   4, 240
    .byte   159, 124,  15,  92, 192, 150,  15,  84
    .byte   222,   6, 104,  60, 246,   2,  39, 119
    .byte    64, 104, 171, 104, 141,  84,  48, 100
    .byte    33, 248, 236, 143,   4, 240,  47, 119
    .byte     2, 240,   0, 222,  45,  52, 222,  13
    .byte   217, 136,   1, 240, 168, 104,  22,  48
    .byte    81, 120,  41, 145, 239,  17, 154,  61
    .byte    65,   5, 240,   0, 222,  76, 172, 222
    .byte    12,  74, 222,  12,  96, 222,  43,  11
    .byte   119,   1, 239,  64,   1,  16, 119,  16
    .byte   246,  17,   5, 240,  20, 119,  32, 104
    .byte   204,  56,  11, 120,  14,  93, 192, 246
    .byte    47, 201,  92,  28,   8,   5,   0,  68
    .byte     0, 145,  94, 165, 104,   6, 246,  61
    .byte    16, 222,  14,  14,  93, 222,   6, 120
    .byte   201,  92,  12,   8,  64, 222,  12,   6
    .byte   240,  33, 246,  19,   0, 222,  12, 145
    .byte    94,   7, 222,  59, 104,  65, 248, 236
    .byte   135,   6, 240,  45, 119,   8, 222,  44
    .byte   222, 139, 143,   6, 240,  56, 119, 246
    .byte   206,   6, 240,  61, 119,  13, 240, 107
    .byte   120,  19, 100, 128, 104, 239,  19, 109
    .byte    48, 101, 226, 222,   3,  10,  84,  56
    .byte   144,  81, 167, 203,  84, 147, 193,  12
    .byte   144,  65, 112, 128, 145,  64, 104, 209
    .byte   136,  20, 176, 222,   1,  16,   2, 104
    .byte   108,  57, 205,  85, 137, 169, 208, 104
    .byte     3, 112,  76,  84, 192, 105,   3, 115
    .byte   192, 105,  22, 144,  76,  84,   2, 240
    .byte     4, 104,  77,  92, 148,  56,   1, 240
    .byte    66, 114,  15,  92,  76,  92,  65,  24
    .byte   209, 166, 192, 192,  59, 112,   0, 240
    .byte    78, 127, 116,   1,   4, 147,  81, 104
    .byte   209, 192,  94, 112,  48,   0,  47,  92
    .byte    64, 250, 236, 159, 239, 177, 217,  17
    .byte    92, 109, 100,  92, 144,   0, 240,  87
    .byte   211, 244, 144,  93, 101,   3, 120,  13
    .byte   240,  12, 115, 148, 149,  64, 251, 236
    .byte   167, 239,  80,  16,  92, 194,  94, 116
    .byte    64, 246,  79, 239, 161, 246,  11, 246
    .byte   142,  76, 246,  14,  58, 211, 240, 246
    .byte    14,  48, 101,   4, 120,  12, 240,  46
    .byte   246,  15,  48, 101,   3, 139,  23, 120
    .byte     4,   1, 209, 166, 197, 246,  12,   1
    .byte   144, 239, 240,  41, 246,  76,  31, 246
    .byte   140,   3, 246,  11,  20, 246,  11, 153
    .byte   122,  18, 100, 196,   0,   2, 104, 246
    .byte    74,   2, 239, 160,  10,  11, 112, 145
    .byte    94, 239,  18,  43, 246,  75,   5, 246
    .byte   139,   4, 120,  11, 240,  27, 246,  11
    .byte   145,  94, 239,  16, 233, 132,  49,   1
    .byte   240,   1, 120, 239, 176, 108,  82, 239
    .byte    96, 108, 221, 101, 239, 240, 109, 239
    .byte   114,  85, 239,  16, 109, 219, 210, 244
    .byte   144,  28, 145,   3, 120,  10, 240,  49
    .byte   239,  96, 109, 246, 209, 239, 240, 109
    .byte   239, 112,  14, 246, 120, 190, 210, 240
    .byte   239,  64,  14, 239,  16,  82,  11,  92
    .byte   192,  28, 246, 113,  58, 239, 240,  49
    .byte   239, 240,  49, 239, 128,  49, 155, 239
    .byte    64,  49,   9, 239, 240,  49, 239, 240
    .byte    49, 246,  14,  12, 239,  96,  49, 126
    .byte   246, 177,   5, 246,  14,  20, 115, 221
    .byte   101,   1, 246,  16,  10,  92, 196,   0
    .byte    69,   1,  47,  92, 128,  20, 239, 144
    .byte    10,  13, 239,  96,  10, 101, 246,  10
    .byte   220, 144,  80,  94, 241, 166,  76,  93
    .byte     6, 120,   8, 240,  57, 115,  84, 149
    .byte   222,  55,   4, 104, 141,  92,   8,  56
    .byte    61, 120,  15,  92, 129,  26, 239,  16
    .byte    84,  56, 239,  33,  15, 180,   0,  68
    .byte   146, 145, 104, 226, 192, 160, 239, 160
    .byte    83,  33, 144, 174,  84, 219, 166,   2
    .byte   239,  64,  54,  16, 146, 140, 246,  30
    .byte    56, 210, 176, 145,   4, 146, 220, 144
    .byte     3, 246,  28,  13, 115, 148, 148, 239
    .byte    81,  17, 246,  82, 108, 194, 160, 239
    .byte   240,  85, 192,  80,  94,   6, 246, 145
    .byte     0, 240,  26, 210,   7, 240,  52, 112
    .byte    79,  92, 197, 192,   1, 112, 212, 144
    .byte    14,  93, 132,  18,  47,  92,  13, 240
    .byte    16, 124, 222,  63,  11, 210,  13, 240
    .byte    22, 124,   8, 240,   5, 115, 147, 100
    .byte   138,  84,  73,  92,  68, 146,  20,   8
    .byte   192, 104,  27, 239,  33, 136, 243, 222
    .byte     3,   9,  84,   6, 240,  24, 119,  64
    .byte   104,  48, 100, 239,  19,  44,   9,  92
    .byte   128, 146, 128,   8, 136, 249, 236, 151
    .byte     1, 240,  48, 112,  64, 104, 128, 145
    .byte   148, 144, 168, 145,   0, 240,  30, 210
    .byte     2, 240,  16, 120, 128,  28,  10,  86
    .byte   152, 193,   2, 240,  76, 112, 160, 144
    .byte   239,  18, 122, 239,  17, 232, 239,  17
    .byte   230,   8, 120, 205,  85,   9,  92, 144
    .byte   148, 113,   8, 128,   8,  48, 101,   3
    .byte   240,  63, 222,  13, 204,  56,   1, 240
    .byte    62, 222,  44,  80, 246,  26, 222,  27
    .byte    50, 239,  96,   9,   1, 240,  13, 239
    .byte   128,  10,   0, 104,  12, 222, 141,  10
    .byte   222, 141, 209, 166,  73,  84,  48, 101
    .byte   200,  94,   3, 240,  15, 115,   0, 240
    .byte   112, 127,   1, 240, 152, 104, 246, 196
    .byte     1, 239, 160,  42,   2, 240,  41, 115
    .byte   239,  16,  94, 132,   8, 236, 144, 192
    .byte   105,  66, 104,  52, 144,  43,  64, 141
    .byte    84, 112, 104, 146, 100,  91, 250, 236
    .byte   143, 213, 166,  25,  64, 239,  19, 118
    .byte   103, 222,   6, 239,  19, 136,   9,  84
    .byte    12, 144, 246,  75,  37, 115, 128, 145
    .byte    10,  86, 132, 144,   0, 240, 188, 209
    .byte   176, 145, 128, 144,   9,  85,  48, 101
    .byte     8, 240,  29, 239,  34,  65, 200,  94
    .byte    44, 246,  34,  73,  92, 132, 246,  32
    .byte     1, 240,  28, 239,  32,  89, 200,  94
    .byte    45, 222, 138,  32, 222,  42,  47, 222
    .byte   137,  37, 115,  10,  86,   9,  85,   8
    .byte   146,  48, 101, 180, 145,   9, 240,   1
    .byte   239,  66,  90,  48, 101,  40, 246,   3
    .byte   137,  92,  88, 146,   0, 104, 136, 128
    .byte     1, 240,  47, 115, 222, 156,   0, 104
    .byte   246,  16, 128, 177,  71,  43, 222, 107
    .byte    43, 222, 139,  46, 222, 107,  46, 222
    .byte   139,  49, 115, 239,  50, 123, 246,  91
    .byte   136,   8,   1, 240,   5, 222,  14, 176
    .byte    55,   1, 240,   2, 222,  76, 246, 121
    .byte     1, 120, 176,  71, 246, 126,  84, 146
    .byte    73,  84, 192, 105, 204, 144,  47, 222
    .byte   254, 222,  78, 209, 166,  33, 222, 254
    .byte   222,  14, 192, 105,  13,  92, 209,  70
    .byte    17, 120, 195,  67,  15, 120,  64, 106
    .byte   240, 104,  18, 100, 177, 252, 236, 143
    .byte   221, 166,  51,  64, 173, 222,   4,   2
    .byte   104, 141,  92,  40,  64, 141,  84,  73
    .byte    84,   2, 115, 222,   2, 104,  64, 104
    .byte   209, 248, 236, 143,  17, 115, 205,  85
    .byte   240, 249, 236, 151, 209, 166, 236, 248
    .byte   236, 151, 136, 120, 128, 104,   8, 253
    .byte   206,  14, 187, 250, 207,  14, 237, 104
    .byte   242, 246,   1,  73,  84, 200,  94, 239
    .byte    19,  78,  69, 112,   0, 240, 105, 108
    .byte   141,  92,  41,  56, 141,  84, 211,  67
    .byte    48,  71,  83, 112, 146, 114,  93, 100
    .byte   148, 144,   1, 240,  61, 112, 246, 108
    .byte   222,  54,  55, 120,   0, 104, 112, 104
    .byte   135,  92,  24, 246,  14, 152, 222,   8
    .byte    47, 115,  19, 120,  18, 176, 112, 120
    .byte    29, 100, 208, 171, 240,  70,  44, 142
    .byte   145, 152, 220, 166,  35, 222,  14,  28
    .byte   104, 204,  32, 132,  64, 124, 171, 211
    .byte    67, 132, 145,  78, 116,   1, 240,  27
    .byte   115, 200,  86,   7,  92,  51, 170,  83
    .byte    71, 112, 104, 177,  65, 128, 104, 239
    .byte    21, 177,  29, 105,  76,  35,  76,  68
    .byte    63, 169,   1, 152, 115,  68, 206, 118
    .byte   205,  94,  93,  71, 145, 246,  26, 196
    .byte   122,  61, 248, 236,  15, 239,  17,  34
    .byte     1, 240, 192, 120, 239,  19,  18, 144
    .byte   144,  60, 115,   1, 176,   5, 120, 205
    .byte   113, 200,  86,   9, 104, 128, 204,  12
    .byte   246,  23,   0, 240, 122, 127, 202,  86
    .byte   140, 145,   0, 240, 168, 208, 128, 144
    .byte    48, 222,   9, 204, 176,   0, 176,  29
    .byte   101,  29, 120, 138, 104, 192, 104, 128
    .byte   145, 220, 144, 156, 246,  23, 188, 213
    .byte   112, 104,   1,  64, 212, 166, 193, 246
    .byte    20, 222,  26, 138, 104, 180, 145,   1
    .byte   240, 205, 213, 196, 113,   1, 240, 163
    .byte   104, 168, 204,   2, 115, 236, 176,  40
    .byte   176,   1, 153, 128, 144, 116, 144, 157
    .byte   116, 239,  16,  94, 129, 249, 212,   6
    .byte    81, 153, 246, 202, 246, 115,  74,  86
    .byte   200,  86,  29, 100,   1,  29, 184, 145
    .byte   205,  93,  13, 240,  33, 119,  47,  92
    .byte   145,  94,   5, 120, 109, 100, 136, 246
    .byte    46,  40, 208,   2, 112, 239,  21,  40
    .byte    80,  94,   0, 105, 196, 131, 239, 117
    .byte    98,   6, 239,  69,  98,   1, 240, 100
    .byte   214, 196, 131,  14,  93, 239,  19, 182
    .byte     1,  56,  66, 170,   1, 120,  16, 167
    .byte   192, 144, 177,  94, 114,  94,  51,  94
    .byte   244,  93, 181,  93, 118,  93,  55,  93
    .byte   248, 119, 145,  94,  33, 119,  14,  85
    .byte    35, 222,   2,  36, 239, 102, 244,  16
    .byte   144, 226,   8,  64, 105, 196, 144, 134
    .byte   120,   4, 144, 208, 144,   0, 240,  80
    .byte   210,  64, 104, 210,   0,  17,   1, 239
    .byte    54, 247,  64, 144,  52, 144,   1, 240
    .byte    39, 215, 192, 144, 227,  39,   1, 240
    .byte    36, 215, 238,   7,  66, 119,   1, 240
    .byte   229, 214, 196, 142,  87, 170,  65, 120
    .byte   194, 119, 196, 150,  65,  84,   0, 240
    .byte   170, 211,  65,  92,  16,   0, 208, 166
    .byte   194, 119,  32, 144,  71, 120, 192, 104
    .byte    32, 144, 187, 136, 195, 122,  21, 152
    .byte    41, 144,  69, 116,   8,  24, 192, 119
    .byte   138, 120,  52,  71, 192, 104, 179, 136
    .byte    61,  50, 198, 114,  41, 152,   1, 144
    .byte   134, 116,  12, 144,   1, 115,   0, 104
    .byte   192, 119,  33, 152, 213, 166,  57, 144
    .byte   185, 136,  44, 144, 196, 118,  12, 246
    .byte     6,  74, 119,   9,  85,  72,  85, 135
    .byte    85, 198,  85,   5,  86,  68,  86, 131
    .byte    86,  75,  94,  84, 120, 158, 120, 247
    .byte   120,  79, 255, 236,  15,   1, 222,   2
    .byte   124,  28,  13, 172,  38, 113, 221, 145
    .byte    32, 105, 100,  51, 192, 105,   1, 240
    .byte   146, 121,  16, 145, 124, 145,  96, 144
    .byte   239,  21,  71, 248, 246,  46, 188, 144
    .byte     3, 240,  93, 122, 192, 104, 181,   1
    .byte   132,   1, 222,  22,  23, 222,  11,   1
    .byte   240,   8, 120, 189, 152, 207,  57,   1
    .byte   240,  53, 121, 239, 112,  21, 209, 167
    .byte    28, 204,   1, 240, 120, 113, 246, 203
    .byte    67, 122, 132,   1, 149,   1, 222,  22
    .byte   239,  20, 214, 185, 152, 206,  57,  57
    .byte   121,  78, 246,   5,  33, 105,  12,  20
    .byte    13, 222,   4,  83,  27, 160, 105, 134
    .byte    51, 192, 106,   1, 240,   3, 122,  24
    .byte   145, 252, 246,  42, 239,  17,  57,  69
    .byte   122,  18, 248, 236, 207, 246, 104, 148
    .byte     1,  50, 248, 236,  79, 192, 106,   2
    .byte   240,  30, 115,  67, 122,   0, 104, 133
    .byte   246,  49, 192, 106, 183, 252, 236,  79
    .byte     2, 240,  21, 115, 209, 167, 131,  29
    .byte   160,  34, 245,  42,  84,  34,  65,  42
    .byte    20,  64,   1, 240,  18, 246,  14,   7
    .byte   246,  14, 128, 104, 164,   1, 133,   1
    .byte    55, 239,  64,  14,   1, 115,  68, 122
    .byte   188,  57, 192, 106,  53,   2, 180,   1
    .byte    73, 176,  48, 144, 180, 239,  17, 115
    .byte   113, 202, 254, 236,   7, 222,   2,  15
    .byte   182,  40, 224, 104,  62,  24,  23,  32
    .byte     2,  40,  52, 246,  18,  43, 115, 101
    .byte   171, 163, 113, 224, 106,  77,  28, 224
    .byte    36, 245,  42, 148,  36, 246,  93,  67
    .byte    51,   0, 104,  36, 121,  32, 144, 112
    .byte   246,  13,  13, 246,  52, 173,  57, 132
    .byte     1, 165,   1, 195, 246,  17, 192, 246
    .byte    17,  52,  40, 239,  16,  80,  15, 115
    .byte   221, 145, 239, 144,  55, 192, 105,  12
    .byte   239,  18,  35, 105,  65,  27, 176,  34
    .byte   132,  34, 196, 253, 236, 167, 128,  44
    .byte    32,  65, 148,  44,   1, 115, 112, 144
    .byte     0, 106, 208, 166, 152, 248, 112,   7
    .byte    66,  86,  76, 248, 144,   7,   1,  85
    .byte   209, 167, 128, 145,  32, 146, 156, 144
    .byte    56, 144,  61, 162, 196,  42, 179,  70
    .byte    21, 160, 136,  43, 148,  68,  41, 161
    .byte   140,  43,  34,  68,  61, 161, 179,  66
    .byte     2,  92,   1, 248, 162,  15,   1,  92
    .byte   131, 252, 160,  15, 128, 248, 236, 151
    .byte   128, 145, 209,  70,  33,  62,   3,  58
    .byte   148, 252, 162,  15,  62, 250,  40,  15
    .byte    21, 153,  93, 117, 128, 104,  75,  94
    .byte    10,  65, 157, 167,  31,  41, 253, 160
    .byte     1, 161,  68,  67,  66, 122,  53,   2
    .byte   148,   1,   0, 240, 111, 108,  29,  56
    .byte    52,  64, 114,  65,  12, 144, 156, 145
    .byte   131,  94,  68,  94,   5,  94, 198,  93
    .byte   135,  93,  72,  93,   9,  93, 202, 119
    .byte    70, 119,   5,  85,  68,  85, 131,  85
    .byte   194,  85,   1,  86, 239,  24,  75, 239
    .byte    22, 233,   1, 240, 102, 215,  39, 239
    .byte    22, 233, 105,  24, 131, 200, 105,  71
    .byte    58,  35, 112,  16, 104,   4,  56,  61
    .byte   120,   4, 222,   3,  24, 120,  48, 104
    .byte    68,  17, 128,   9,  11, 120,   1, 240
    .byte   128, 104, 230,  16,  34,  48, 132, 112
    .byte   239,  24, 153,   0, 104, 216, 128,   0
    .byte   104, 128,   1, 255, 243,  27, 104,  20
    .byte    56, 222,   7, 248, 236, 135, 197,   0
    .byte     4,  11, 196,   0,  87,  66,  53,  71
    .byte   222,  56,   4,  11,  12, 112,  10, 240
    .byte     0, 246,  20,  49,  71,   8, 246,  16
    .byte     2,  48,   4, 112, 196, 246,  43, 229
    .byte   211,  24, 131,   4, 144,  49,  55,  32
    .byte   144, 217,  70, 133, 120,   6,   1,   5
    .byte    11, 192, 150,   6,   3,   9, 115, 130
    .byte   104,   2,  56,   4, 120,   0, 104,   3
    .byte   115,  16, 167,   9, 115,   5,  11, 198
    .byte   246,  25,   4, 112, 239,  20, 157,   4
    .byte    56, 131, 170,  17,  55, 192, 144,   1
    .byte    94, 194,  93, 131,  93,  68,  93,   5
    .byte    93, 198, 119, 131, 239,  33, 171, 128
    .byte    85,  46, 120,  64, 154,   1, 240,  95
    .byte    88, 192, 104,  80, 120, 176,   8, 204
    .byte    17,   1, 240, 159,  96,  84,   8,  37
    .byte    17,  40,  49, 139, 113, 164,  50, 151
    .byte   113,  81, 200,  90, 113, 100, 146,  24
    .byte     8,  75, 116,  23, 115, 222,  30,  20
    .byte   115, 237,  19,  36,   0,  53,   8, 210
    .byte   246,   8, 140,  17,   3,  48,  14, 120
    .byte    12,   8,   2,  16,   4,   0,  13,   8
    .byte     5,   0,   8, 115, 253,  19,  48,   0
    .byte    21,   8,  17,   0,   2, 115,  52, 144
    .byte    49,   0,   8,   0, 128,  93, 239,  17
    .byte   207, 131, 103, 239,  23, 252, 239,  25
    .byte    31,   0, 240, 181, 211, 239,  25,  26
    .byte    64, 212,   0, 240, 182, 211, 239,  23
    .byte   199, 239,  80,  53,  68, 104,  17, 200
    .byte    66, 120,  72, 104,   4, 115, 196, 150
    .byte   214,  70,  17,  16,  84, 146,  36, 200
    .byte     0, 104, 188, 112, 246,  63,  89,   0
    .byte   240, 212,  90,  77, 121, 246,  48,  97
    .byte   248, 144, 228, 144,  72,   8,  17, 201
    .byte    82, 121, 168, 146,  89,   8,  72, 117
    .byte    18,  17,  29,  52,  90, 113,   0, 240
    .byte   147,  88, 168, 252, 236, 167, 171,  28
    .byte    41, 200, 163, 112, 141,  17,   0, 240
    .byte    20,  80, 172, 145,  28, 115, 132, 148
    .byte   192, 200,   4, 120,  72, 146,  25,   8
    .byte    28,   0,  23, 115, 193,  24, 185,   8
    .byte    73,  16,  76,   0, 192,   0, 113,   1
    .byte    14, 115, 132,  26,   0, 240,  83, 246
    .byte    30, 174, 109, 251,  29, 125,  20, 124
    .byte   204, 199, 114,   0, 104,  12,   0,   9
    .byte    16, 246,  79,  24,   0,  72, 146, 239
    .byte   240,  78,  88, 239,  32,  78,  89, 212
    .byte   222,  86, 239,  16,  80,  76, 119,  11
    .byte    85,  74,  85, 137,  85, 200,  85,   7
    .byte    86,  70,  86, 133,  86, 100, 144, 130
    .byte    85,  80, 144, 202,   8,   2, 240,  43
    .byte   120,   7, 249, 236, 159, 128, 106,  82
    .byte   133,   8, 104,   4,  56,   4, 120,   4
    .byte    11,   2, 120,  53,  71,  17, 115, 239
    .byte    16, 210,  36, 213, 128, 104, 210, 128
    .byte   239,  16, 251,   0, 104,   4,  64, 194
    .byte   248, 236, 135,   0, 240,  78, 209,  73
    .byte   104,  16,   0,   5, 240,   0, 115, 200
    .byte     8,   1,  84,  53,  55,   2, 246,  12
    .byte     7, 120,   4,  85, 239,  17, 122,  81
    .byte   167, 248, 145,  24, 146,  13, 115, 213
    .byte    70,  97, 222,   9,   0, 104, 128, 144
    .byte   144, 144,  64, 144,  38, 115,   1,  92
    .byte   112,   8, 145,   8, 128, 148,   1,  84
    .byte    70, 126, 245,  13,  23,  11, 198, 171
    .byte   240, 144,   1, 112, 180, 145, 136, 145
    .byte   236, 144, 235,  39, 144, 196,   4, 240
    .byte    81, 112,  60,  17,  20,  26, 218,   8
    .byte    36,  24, 234,   0,   4,  48,  20, 124
    .byte     4, 240,  17, 115, 128, 106, 248, 145
    .byte     8, 146,   1, 240,  34, 246,  17, 128
    .byte   239,  64,  17,   0, 104,   3,  84,  72
    .byte   126,   3,  92,  12, 112, 128, 145,  74
    .byte   104, 164, 145,   0, 240, 149, 214,   3
    .byte   120,   1, 144, 192,  28,   1, 115, 197
    .byte   145, 209, 166,   3,  84, 196, 203, 244
    .byte   145,   1, 112,  48, 145,  53,  11, 196
    .byte     8,  20,  11,  20, 200,  81, 120, 214
    .byte     8, 173,  16, 219, 195,  77, 120, 144
    .byte   145, 168, 145,   2, 240,  12, 213, 196
    .byte     8, 130,  20, 196,   0, 239,  16,  97
    .byte    61, 209,  26, 120,   3, 240,  19, 115
    .byte   223, 192,  76, 222,  15, 236, 144,   2
    .byte   240,  27, 213, 198,   8,  67,  26, 198
    .byte     0, 196,   8,  67,  18, 196,   0, 108
    .byte   145,  10, 115, 239,  16,  73,   0, 104
    .byte   160, 145, 235,  39, 160, 144, 209, 166
    .byte   136, 193,   2, 240,  59, 112,  66,  53
    .byte     7, 120, 246,  81,  29, 209,  64, 104
    .byte    67,  84,   2, 240,  50, 112, 130,  29
    .byte   130,  22, 150,  30, 202,   8, 146,  28
    .byte   218,   0, 130,  52,   1, 240,  19, 124
    .byte   128, 106,   2, 239,  20,  77,  92, 112
    .byte     8, 129, 239,  32,  78,   6, 126,  86
    .byte     9,  98, 133, 239,  20,  12,   8,  56
    .byte    54, 120,  17, 206, 196,   8,   1, 240
    .byte    70, 112,  18, 240,  64, 104,  25,  56
    .byte     1, 240,  65, 120,  20,  11, 145,  24
    .byte     5,  11,   0, 248, 236,  47, 157, 167
    .byte    51,  40,   3,  16,   1, 248, 236, 151
    .byte    49,  22, 189, 144, 179, 204, 193, 112
    .byte   176, 144,  16, 246, 141,  62, 120,  36
    .byte   146, 140, 145, 196,  86,   0, 240, 247
    .byte   212, 144, 144,   1, 240, 108, 122,  20
    .byte    11, 132, 239,  32,  92, 171, 213, 239
    .byte    26, 133, 193, 128, 237, 243, 191, 104
    .byte     2,  56,   2, 239,  17, 180,  64, 193
    .byte   248, 236, 135, 132,  93,  44, 115, 239
    .byte    48, 117,  82, 120,  20, 206,  80, 120
    .byte     4,  85, 220, 144, 164, 246,   9, 143
    .byte   213, 196,   8, 129, 239,  64, 116, 186
    .byte   208,  50, 120,   1, 240,  16, 115,   4
    .byte    85,  31, 115,  53,  11, 147, 201, 118
    .byte   246, 132, 160, 246,   4, 162, 213, 198
    .byte     8, 128,  28, 239,  16, 120, 128,  20
    .byte    30, 115,   4, 144, 156, 145, 236, 145
    .byte     0, 240,  52, 210,  36, 146, 144, 144
    .byte   112, 122,   4,  85, 148,   3,   6,  22
    .byte   196,   0, 101,   3,  90,  29, 214,   0
    .byte    16, 146, 130,  93,  17, 206,  32, 146
    .byte    65, 112,  36, 146, 220, 144, 246, 123
    .byte   193, 246,  16, 130, 246, 144, 239,  16
    .byte   169,  16, 146, 189,  21, 129,  30, 202
    .byte     8, 145,  28, 218,   0, 129,  52,   4
    .byte    93, 239,  16, 129,  11, 124, 246,  28
    .byte    85, 239,  16, 162, 239,  64, 246, 144
    .byte   209, 166, 132, 193,  21, 124,  10, 222
    .byte    11,   4, 222,  18,  11,   0, 240, 201
    .byte   213, 239,  25, 148,  76, 104,  16,   0
    .byte     0, 104, 196,  92,  28, 128, 239,  18
    .byte    65,  22,  64,  28, 248, 236, 135,  88
    .byte   167, 136, 145, 133,  94,  70,  94,   7
    .byte    94, 200,  93, 137,  93,  74,  93,  11
    .byte    93, 204, 119, 238,  23,   1, 240,  32
    .byte    96, 131, 252, 236,  31, 239, 243, 125
    .byte     2,  84,   2, 240, 237, 213, 192, 105
    .byte     0, 240,  87,  96,   1, 240, 156, 106
    .byte     8, 240,  64, 106,  28, 145,  69,   8
    .byte   239,  22,  47,  41, 112,  65,  84, 102
    .byte     8,   1, 153,  75, 249, 236, 159, 195
    .byte   131,  49,  71,  29, 120, 145,  60,  72
    .byte   239,  41,  95, 200,  16,   2, 240, 147
    .byte   214, 222,  26,  14, 120,  78, 104, 217
    .byte    16,  87, 130,  53,  71,  57, 167,  22
    .byte    48,  69, 112, 200, 144,  66,  92, 225
    .byte    39, 145,  66, 195, 131, 129,  60,   5
    .byte   239,  96,   7, 142, 214, 170,  21,  12
    .byte   195,  38, 116,   1, 115,  65,  84,  65
    .byte    92,  20,   8, 113, 116,   2, 240, 245
    .byte   213, 196, 144, 239, 210, 194,  72, 119
    .byte     7,  85,  70,  85, 133,  85, 196,  85
    .byte     3,  86,  66,  86, 129,  86, 239,  17
    .byte   200, 239,  18, 196,   2, 240,  57, 214
    .byte    83, 246,  52, 192, 105, 199, 131,   8
    .byte   240,   0, 106, 144,  60, 239, 121, 188
    .byte   192, 246,  33, 217, 214,   0, 104, 132
    .byte   129,  16, 144,  53,  55, 136, 104,  38
    .byte    56, 156, 120,  80,  11, 118, 121, 224
    .byte     8, 169,  26,  16,   1, 214,  70,  65
    .byte   112, 113,  11,  50,   1, 213, 166, 217
    .byte   192,  78, 112, 192, 105, 241,  13,  19
    .byte    11, 204, 144, 228, 144, 248, 144, 235
    .byte    39, 220, 192, 105, 120,  20,  17,  40
    .byte    25,  14, 195,  12, 116, 199, 131, 128
    .byte    60,  29, 115,  32, 240,   0, 104,  20
    .byte    64, 128, 106,  22, 254, 236, 135, 193
    .byte     8, 136, 193,   7, 112,  60, 246,  33
    .byte     0,   8, 217, 166,   2, 192,   1, 240
    .byte    27, 112, 146,  13,   1, 240,  88, 121
    .byte    64, 240, 192, 105,  71,  58,  20, 239
    .byte    17,   1, 222,  15,  96,   8,  29, 115
    .byte   132,  60,  64, 105,   1, 240,  52, 112
    .byte     1, 240,  45, 115, 199, 131, 239,  20
    .byte   143,  17,  64, 215, 251, 236, 135, 128
    .byte    60, 239,  19, 134,  19,  11, 192, 105
    .byte   221, 166, 204, 144, 236, 144, 229,  39
    .byte    96, 144,  20, 167,   9,  51,   1, 240
    .byte     7, 112, 215, 131, 246,  85, 239,  19
    .byte    37,  10, 120, 193,   8,  40,  25,  48
    .byte   246, 166,   4, 120, 246, 234,  40,  25
    .byte   242,  13,  19,  11, 239,  20, 153, 232
    .byte   144, 244, 144, 235,  39, 229, 131,  66
    .byte    50,  36, 120, 223, 243,  63, 104,  24
    .byte    56, 213, 246,  30,  17,   1,   0,  11
    .byte   192,   0,  75,  58,   4, 239,  80,  52
    .byte     0,  48, 104,  32,  17, 200,   8,   9
    .byte   239,  35,  71, 226,  16,  34,  48, 131
    .byte   112,   0, 240, 221, 214, 213, 131,  24
    .byte     1, 132, 239,  64, 182, 239,  16, 134
    .byte    83, 215, 216, 145,  32, 239,  37, 248
    .byte     8,  64, 197, 246,  21, 136,  60,  20
    .byte   167,  24, 112,  18, 115,   0, 240,  20
    .byte   213,   0,   8,  93, 104,  17,  48, 199
    .byte   131,  66, 120,  28, 145, 239,  16, 159
    .byte    64, 104,   1,  64,  49,  71,  64, 104
    .byte   133, 249, 239,  16,  86, 239, 112,  19
    .byte   117, 215, 196, 144, 129,  94,  66,  94
    .byte     3,  94, 196,  93, 133,  93,  70,  93
    .byte     7,  93, 200, 239, 100, 244,  14, 246
    .byte     2,  64, 105,  65, 130,  24, 144,  44
    .byte   144,   0, 240, 235, 208,  16, 248, 236
    .byte   151,  71, 246,  14,  80, 104, 209,  16
    .byte    36,   8,  40,  16,  36,   0,   8, 115
    .byte   211, 248, 236, 159, 101, 130, 191, 243
    .byte   255, 104,  43,  56, 101, 250, 236, 135
    .byte   239,  53,   2, 239, 147, 192,  76, 144
    .byte   239,  26, 188, 239,  17,  45, 192, 105
    .byte   195, 131,   4, 239,  37,  68,  73, 120
    .byte    14, 104, 200,  16,  67, 130, 130, 104
    .byte   220, 246,  30, 197, 208, 195, 131,   1
    .byte   115,  49,  71, 191, 243, 127, 104,   1
    .byte    56, 195, 251, 236, 135, 222,  63, 212
    .byte   144, 224, 144,   2, 240, 185, 215, 239
    .byte   147, 136, 239, 240,  63, 246, 127, 164
    .byte   208, 246, 245, 220, 166,  51,  48, 202
    .byte   112,  64, 240, 192, 104,  43,  64, 246
    .byte   120, 239,  48,  71,   4,   0,   5, 115
    .byte   239, 208,  66,  65, 119,  14, 104,   4
    .byte    16,  64, 104,   1, 128, 239,  28, 252
    .byte   193, 119,  68, 119,   3,  85,  66,  85
    .byte   129,  85,  64, 144,  12, 104, 192, 136
    .byte   130, 105,  66,  58,  26, 112,   1, 240
    .byte   239,  16, 203,   0, 240,  61, 215, 246
    .byte    96, 128, 104,  54, 128,   9, 120,   2
    .byte   240, 192, 106, 191,  68,  54, 248, 236
    .byte   135, 192,   0,   0,   3,  81,   3,  14
    .byte   239,  38, 133,  12,  56,  10, 112,  78
    .byte    66,   6, 222,  11,   1, 240,   3, 246
    .byte    62, 222,  30, 209, 166,   1,   3, 129
    .byte    93,  66,  93,   3,  93, 239,  27, 168
    .byte     1, 240,  40,  96,   3, 240,  93, 239
    .byte    43,  82, 222,  54,  86, 222,   6,  69
    .byte   119,   4,  85,  67,  85, 130,  85, 193
    .byte    85,  84, 144, 239,  17, 129,  21, 212
    .byte     4, 104, 196, 200,   2, 120,   8, 104
    .byte     4, 115, 129, 151, 210,  70, 196,  16
    .byte    64, 146,  21, 121,  16, 155, 116,   8
    .byte   236, 200, 150, 239,  34, 186, 212, 215
    .byte    96, 144, 157, 121,  44, 155,  73, 202
    .byte     1, 112, 228, 144, 200, 144, 208, 144
    .byte     3, 240,  57, 212, 192, 144,   1, 240
    .byte    37, 212,  18, 239,  35,  91, 229, 246
    .byte     2,  13, 115, 236,  24, 200, 104,  59
    .byte   200, 198, 112,  49,  16,   4,   0,  44
    .byte     0,  76, 146,   1, 240,  53, 212,  32
    .byte   145,   1, 115, 128, 105,   0, 240,  66
    .byte   212, 200, 144, 193,  93, 130,  93,  67
    .byte    93,   4,  93, 197, 239,  76,  89,   5
    .byte   104,   1, 240, 228, 221, 251,  39, 222
    .byte    55,   8, 222,   7, 235, 222,   7,  16
    .byte   144,   4, 222,   5, 240, 222,   5,  12
    .byte     0,   0, 222,  33,   1,   0,   1,   1
    .byte    15,  12,  14,   0,  16, 222,   6,  20
    .byte   222,   2, 140,  18,   1,   0,  18, 222
    .byte     4,   7,  15,   0,   0, 108,  99,  32
    .byte    37, 100,  32, 114, 222,  19,  10, 246
    .byte    71, 116, 105, 109, 101,  32, 111, 117
    .byte   116,  10, 222,   6, 108, 111, 119,  32
    .byte    66, 222,  11, 106, 117,  10, 239, 224
    .byte     5,  32,  32, 222, 177,  48,  48, 222
    .byte   177, 224,  31,   1,   0, 136,  33,   1
    .byte     0, 168, 222,   4, 196, 222,   2, 120
    .byte   255,   1,   0,  84,   1, 246, 249,   7
    .byte   222,  66,   0,   2,   1, 222,   2,   4
    .byte     0,   0,   3, 222,   4,   3, 222,   4
    .byte    10, 222,   4,  14, 222,   2,  15, 239
    .byte    16,  74,   1,   1,  31, 133, 235,  81
    .byte    32, 188, 190,   0, 127, 255, 255, 255
    .byte   156, 222,   2, 157, 222,   2, 160, 134
    .byte     1,   0, 208, 222,   4, 224, 222,   2
    .byte   254, 222,   2,  48,  49,  50,  51,  52
    .byte    53,  54,  55,  56,  57,  65,  66,  67
    .byte    68,  69,  70, 246,  97, 222, 122,  97
    .byte    98,  99, 100, 101, 102, 222,  26,  98
    .byte   117, 103,  32, 105, 110,  32, 118, 102
    .byte   112, 114, 105, 110, 116, 102,  58,  32
    .byte    98,  97, 100, 222,   2, 115, 101, 222
    .byte    14, 236,   0,   1,   0,   4,   1,   1
    .byte     0,  28, 222,   2,  52, 222,   2,  76
    .byte   222,   2, 100, 222,   2, 124, 222,   2
    .byte   252, 222,  14,  20, 222,   4,  44, 222
    .byte     2,  68, 222,   2,  92, 222,   2, 116
    .byte   222,   2, 140, 222,   2, 168,   3,   1
    .byte     0, 108, 239,  64, 163, 184, 222,   6
    .byte     1, 222,  70, 222, 241, 222,  49,  72
    .byte    32,   1,   0, 164, 222,   2,   0,  33
    .byte     1,   0, 255, 255, 255, 255, 222,  26
    .byte   222,  84, 144, 253, 239,  48, 137
    .align 2
compressedBinaryEnd:

//Code for decompressing the compressed binary
decompressor:
    ldc r0, 222
    ldc r1, 246
    ldc r2, 239
    ldap r11, compressedBinaryEnd
    or r3, r11, r11
    ldc r4, 0x100
    shl r4, r4, 8
    or r5, r4, r4
    ldap r11, compressedBinary
    ldc  r6, 0
loop:
    lsu  r10, r11, r3
    bf   r10, done
    ld8u r7, r11[r6]
    add  r11, r11, 1
    eq   r10, r7, r0
    bt   r10, marker
    eq   r10, r7, r1
    bt   r10, marker
    eq   r10, r7, r2
    bt   r10, marker
copyChar:
    st8  r7, r4[r6]
    add  r4, r4, 1
    bu   loop
marker:
    ld8u r8, r11[r6]
    add  r11, r11, 1
    bf   r8, copyChar
    eq   r10, r7, r0
    bt   r10, marker0
    eq   r10, r7, r1
    bt   r10, marker1
marker2:
    shr  r7, r8, 4
    zext r8, 4
    ld8u r10, r11[r6]
    add  r11, r11, 1
    shl  r8, r8, 8
    or   r8, r8, r10
    bu   adjustR8
marker1:
    shr  r7, r8, 6
    zext r8, 6
adjustR8:
    add  r8, r8, 11
    add  r8, r8, 4
    bu   copyManyChars
marker0:
    shr  r7, r8, 4
    zext r8, 4
copyManyChars:
    shl  r8, r8, 1
    add  r7, r7, 3
    sub  r9, r6, r8
loopChar:
    ld8u r10, r4[r9]
    st8  r10, r4[r6]
    add  r4, r4, 1
    sub  r7, r7, 1
    bt   r7, loopChar
    bu   loop
done:
    ldc r0, record_decompression_time
    bf r0, real_done
    getr r0, 1
    in r1, res[r0]
  ldc r2, 0x1ff
  shl r2, r2, 8
    ldc r3, 0xd0
  or  r2, r2, r3
    ldw r4, r2[0]
    sub r1, r1, r4
    stw r1, r2[0]
    freer res[r0]
real_done:
    bau  r5

